0
1
1 0
2
2 0
3
3 1
4
4 1
5
5 2
6
6 2
7
7 3
8
8 3
9
9 4
10
10 4
11
11 5
12
12 5
13
13 6
14
14 6
15
15 7
16
16 7
17
17 3
17 8
17 8 3
18
18 7
18 8
19
19 9
20
20 9
21
21 10
22
22 10
23
23 11
23 12
24
24 11
25
25 12
26
26 13
27
27 13
28
28 14
29
29 14
30
30 15
31
31 3
31 15
32
32 16
33
33 16
34
34 17
35
35 18
36
36 19
37
37 19
38
38 20
39
39 20
40
40 21
41
41 21
42
42 22
43
43 22
44
44 23
45
45 23
46
46 24
47
47 24
48
48 25
49
49 25
50
50 26
50 41
51
51 26
52
52 27
53
53 27
53 51
54
54 28
54 33
55
55 28
56
56 29
57
57 29
58
58 30
59
59 30
60
60 23
60 31
61
61 32
62
62 32
63
63 33
64
64 34
65
65 34
66
66 35
66 39
67
67 35
68
68 36
69
69 33
69 36
70
70 37
71
71 37
72
72 38
73
73 38
74
74 14
74 33
74 39
75
75 40
76
76 40
76 42
77
77 41
78
78 41
79
79 42
80
80 43
81
81 43
82
82 44
83
83 44
84
84 45
85
85 45
86
86 46
86 72
87
87 46
87 58
87 61
88
88 47
89
89 47
90
90 48
91
91 48
92
92 42
92 49
93
93 49
94
94 4
94 50
95
95 51
96
96 52
96 78
96 79
97
97 52
98
98 53
99
99 53
99 67
99 80
100
100 23
100 54
100 71
101
101 54
101 57
102
102 55
103
103 55
104
104 56
104 68
105
105 56
106
106 57
107
107 58
108
108 59
108 64
109
109 59
110
110 60
111
111 61
112
112 62
113
113 62
113 66
114
114 63
114 86
115
115 55
115 59
115 63
115 67
116
116 64
117
117 65
118
118 65
119
119 66
119 102
119 116
120
120 67
121
121 68
122
122 69
123
123 70
124
124 23
124 40
124 70
125
125 34
125 71
126
126 71
127
127 72
127 111
128
128 73
128 112
129
129 14
129 73
129 99
130
130 64
130 75
131
131 75
131 85
131 109
131 122
132
132 76
133
133 76
134
134 77
134 104
135
135 77
135 130
136
136 78
136 87
136 135
137
137 79
138
138 1
138 80
139
139 68
139 81
140
140 81
141
141 82
142
142 53
142 82
143
143 83
143 109
144
144 71
144 83
145
145 36
145 84
146
146 84
146 108
147
147 85
147 106
147 139
148
148 86
149
149 86
150
150 87
150 104
151
151 88
152
152 76
152 88
153
153 89
153 113
154
154 89
154 96
155
155 90
155 126
156
156 91
157
157 91
158
158 92
159
159 48
159 93
160
160 48
160 93
161
161 94
162
162 19
162 95
163
163 95
164
164 96
165
165 40
165 65
165 96
166
166 34
166 97
166 149
167
167 97
167 100
168
168 19
168 98
169
169 98
170
170 82
170 99
170 127
171
171 101
171 158
172
172 18
172 101
173
173 82
173 102
174
174 103
174 111
174 112
174 168
175
175 103
175 104
175 120
175 171
176
176 53
176 104
176 142
176 142 53
177
177 90
177 104
177 116
177 122
178
178 105
179
179 105
180
180 106
181
181 86
181 106
181 123
182
182 9
182 107
183
183 107
184
184 70
184 108
185
185 67
185 108
185 115
185 115 67
186
186 3
186 109
186 149
187
187 110
187 135
188
188 110
189
189 111
189 112
190
190 112
190 182
191
191 113
192
192 87
192 113
193
193 114
194
194 116
194 150
195
195 27
195 48
195 116
196
196 26
196 117
196 138
197
197 117
198
198 118
198 186
199
199 32
199 118
199 137
199 179
200
200 119
201
201 48
201 120
201 190
202
202 43
202 68
202 121
202 121 68
203
203 121
204
204 123
204 153
205
205 123
206
206 10
206 125
207
207 67
207 126
208
208 33
208 128
209
209 131
210
210 132
210 168
211
211 132
212
212 133
213
213 113
213 133
213 139
214
214 134
215
215 135
216
216 22
216 136
217
217 137
218
218 138
218 168
219
219 139
219 170
220
220 140
221
221 4
221 140
222
222 104
222 115
222 141
223
223 141
223 166
224
224 143
224 160
224 211
225
225 22
225 143
226
226 96
226 144
227
227 94
227 145
228
228 42
228 146
229
229 53
229 148
229 194
230
230 148
230 198
231
231 150
232
232 151
233
233 151
234
234 152
234 183
235
235 4
235 149
235 153
236
236 130
236 154
236 211
237
237 155
238
238 155
238 220
239
239 86
239 156
240
240 156
240 187
241
241 49
241 157
241 209
242
242 109
242 157
242 234
243
243 108
243 158
243 221
244
244 159
245
245 161
245 171
245 189
246
246 3
246 161
246 193
247
247 148
247 162
248
248 163
249
249 163
250
250 92
250 115
250 164
251
251 68
251 164
252
252 82
252 166
253
253 167
254
254 6
254 169
255
255 169
256
256 171
257
257 172
257 234
258
258 99
258 173
258 246
259
259 174
260
260 86
260 175
261
261 75
261 166
261 176
261 183
261 215
261 244
262
262 50
262 70
262 178
262 207
263
263 178
264
264 69
264 179
265
265 179
266
266 41
266 180
266 199
266 205
266 231
267
267 180
267 266
267 266 180
268
268 166
268 182
268 189
268 252
268 252 166
268 264
269
269 44
269 76
269 183
270
270 99
270 115
270 184
271
271 65
271 186
271 208
272
272 48
272 50
272 187
273
273 188
274
274 188
274 205
275
275 144
275 189
276
276 191
277
277 149
277 191
278
278 111
278 192
279
279 193
279 268
280
280 10
280 83
280 197
281
281 197
282
282 198
283
283 200
284
284 34
284 134
284 200
285
285 99
285 201
286
286 38
286 203
287
287 203
287 285
288
288 115
288 204
288 209
289
289 38
289 166
289 205
290
290 50
290 206
291
291 173
291 208
291 286
292
292 53
292 86
292 209
293
293 210
294
294 211
294 251
295
295 41
295 115
295 212
296
296 212
297
297 48
297 214
298
298 214
298 254
299
299 10
299 33
299 215
300
300 216
300 236
300 255
301
301 22
301 217
302
302 217
302 226
303
303 218
303 232
303 247
304
304 98
304 219
304 224
305
305 50
305 207
305 219
306
306 220
307
307 185
307 221
307 296
308
308 92
308 223
308 277
309
309 224
310
310 118
310 225
311
311 226
311 232
311 236
312
312 86
312 191
312 227
312 231
313
313 33
313 68
313 228
314
314 172
314 229
315
315 96
315 230
316
316 232
317
317 108
317 122
317 232
318
318 180
318 233
319
319 202
319 233
319 289
320
320 85
320 234
321
321 153
321 236
322
322 237
322 264
323
323 50
323 237
324
324 135
324 238
325
325 238
326
326 239
327
327 42
327 240
327 258
328
328 180
328 240
329
329 86
329 241
329 246
330
330 7
330 244
331
331 108
331 248
332
332 86
332 248
332 282
333
333 50
333 67
333 249
333 320
334
334 249
334 278
335
335 54
335 251
336
336 66
336 103
336 253
337
337 153
337 253
338
338 38
338 75
338 255
339
339 113
339 255
340
340 34
340 256
341
341 86
341 256
341 325
342
342 52
342 144
342 257
343
343 202
343 258
344
344 259
344 273
344 320
345
345 23
345 259
346
346 260
346 336
347
347 74
347 232
347 263
348
348 62
348 263
349
349 170
349 265
350
350 36
350 265
350 319
351
351 224
351 257
351 267
351 281
352
352 268
352 297
353
353 273
353 278
354
354 273
355
355 274
355 306
356
356 275
356 306
357
357 1
357 276
357 346
358
358 83
358 276
359
359 44
359 278
359 298
360
360 133
360 273
360 279
361
361 131
361 281
362
362 72
362 282
363
363 23
363 283
364
364 283
364 338
365
365 40
365 285
366
366 286
367
367 287
367 315
367 356
368
368 85
368 136
368 290
369
369 293
370
370 293
370 366
371
371 53
371 258
371 294
372
372 296
373
373 40
373 297
373 371
374
374 135
374 301
375
375 235
375 302
376
376 243
376 290
376 303
377
377 306
377 368
378
378 115
378 306
378 365
379
379 307
380
380 163
380 249
380 249 163
380 308
381
381 10
381 243
381 309
382
382 214
382 309
383
383 139
383 310
384
384 73
384 190
384 314
384 358
385
385 54
385 315
386
386 34
386 316
387
387 111
387 274
387 316
388
388 19
388 175
388 318
388 324
389
389 115
389 221
389 321
390
390 295
390 322
391
391 11
391 323
391 325
392
392 64
392 325
393
393 257
393 265
393 326
394
394 326
395
395 171
395 328
396
396 173
396 330
397
397 183
397 331
397 337
398
398 318
398 332
398 344
399
399 334
399 356
399 366
400
400 125
400 335
400 354
401
401 152
401 339
402
402 189
402 340
403
403 98
403 341
403 383
404
404 166
404 343
405
405 106
405 345
406
406 108
406 346
407
407 23
407 348
407 366
408
408 349
409
409 251
409 352
409 366
410
410 34
410 353
411
411 196
411 354
412
412 355
413
413 246
413 359
414
414 50
414 361
414 379
415
415 362
416
416 195
416 363
417
417 190
417 234
417 364
418
418 262
418 366
419
419 42
419 76
419 76 42
419 366
419 408
420
420 117
420 264
420 369
421
421 369
422
422 134
422 370
423
423 372
423 402
424
424 199
424 372
425
425 318
425 374
426
426 131
426 157
426 375
427
427 3
427 307
427 377
428
428 230
428 378
429
429 139
429 379
430
430 126
430 379
431
431 3
431 382
431 388
432
432 278
432 344
432 383
433
433 232
433 385
434
434 141
434 153
434 386
435
435 113
435 143
435 390
435 401
436
436 152
436 166
436 392
437
437 74
437 274
437 394
438
438 115
438 303
438 394
439
439 332
439 395
440
440 189
440 396
441
441 200
441 397
442
442 284
442 399
443
443 32
443 400
444
444 21
444 402
444 406
445
445 34
445 404
446
446 295
446 386
446 405
447
447 46
447 406
448
448 316
448 408
449
449 106
449 410
450
450 93
450 303
450 411
451
451 101
451 387
451 412
452
452 135
452 412
453
453 107
453 413
454
454 352
454 415
454 442
455
455 415
456
456 223
456 397
456 416
456 421
457
457 115
457 289
457 418
458
458 421
459
459 55
459 411
459 422
460
460 221
460 251
460 423
461
461 105
461 231
461 424
462
462 370
462 425
462 443
463
463 94
463 201
463 428
464
464 176
464 429
465
465 261
465 430
466
466 34
466 271
466 439
467
467 14
467 50
467 440
468
468 404
468 441
469
469 445
469 452
470
470 263
470 447
471
471 41
471 125
471 448
472
472 85
472 369
472 449
473
473 89
473 113
473 453
474
474 253
474 454
475
475 67
475 99
475 99 67
475 455
476
476 82
476 455
477
477 238
477 458
478
478 113
478 157
478 458
479
479 36
479 462
480
480 2
480 464
481
481 364
481 465
482
482 123
482 319
482 468
483
483 122
483 218
483 469
484
484 33
484 470
485
485 104
485 281
485 474
486
486 157
486 476
487
487 173
487 477
488
488 36
488 224
488 479
488 479 36
489
489 243
489 365
489 480
490
490 481
491
491 5
491 466
491 484
492
492 273
492 486
493
493 224
493 339
493 487
494
494 131
494 156
494 490
495
495 112
495 204
495 490
496
496 380
496 492
497
497 101
497 470
497 496
498
498 266
499
499 157
499 235
500
500 136
500 344
501
501 499
501 500
502
502 202
502 501
503
503 221
503 223
504
504 315
504 479
505
505 437
505 442
506
506 502
506 503
507
507 246
507 504
508
508 95
508 349
509
509 137
509 286
510
510 133
510 204
511
511 505
511 506
512
512 62
512 507
513
513 508
513 509
514
514 23
514 510
515
515 511
515 512
516
516 97
516 344
517
517 50
517 203
518
518 279
518 513
519
519 41
519 238
520
520 99
520 474
521
521 283
521 514
522
522 168
522 515
523
523 167
523 211
524
524 23
524 475
525
525 26
525 125
526
526 32
526 44
527
527 34
527 216
528
528 318
528 516
529
529 499
529 517
530
530 163
530 518
531
531 81
531 116
532
532 31
532 519
533
533 68
533 520
534
534 208
534 491
535
535 345
535 488
536
536 106
536 253
537
537 50
537 521
538
538 464
538 522
539
539 265
539 485
540
540 76
540 523
541
541 104
541 524
542
542 408
542 410
543
543 62
543 268
544
544 346
544 493
545
545 265
545 525
546
546 57
546 143
547
547 212
547 526
548
548 418
548 527
549
549 293
549 528
550
550 176
550 529
551
551 183
551 478
552
552 32
552 344
553
553 232
553 306
554
554 23
554 530
555
555 103
555 473
556
556 104
556 208
557
557 238
557 351
558
558 531
558 532
559
559 331
559 364
560
560 34
560 275
561
561 43
561 82
562
562 23
562 533
563
563 76
563 506
564
564 73
564 349
565
565 66
565 340
566
566 310
566 534
567
567 535
567 536
568
568 325
568 537
569
569 7
569 109
570
570 166
570 538
571
571 135
571 539
572
572 540
572 541
573
573 117
573 542
574
574 543
574 544
575
575 26
575 499
576
576 99
576 545
577
577 85
577 107
578
578 52
578 546
579
579 547
579 548
580
580 549
580 550
581
581 82
581 313
582
582 237
582 551
583
583 123
583 552
584
584 113
584 454
585
585 420
585 553
586
586 50
586 554
587
587 364
587 555
588
588 36
588 556
589
589 50
589 108
590
590 138
590 406
591
591 155
591 524
592
592 108
592 151
593
593 268
593 529
594
594 310
594 374
595
595 265
595 284
596
596 67
596 557
597
597 189
597 283
598
598 140
598 332
599
599 154
599 558
600
600 235
600 283
601
601 220
601 339
602
602 94
602 472
603
603 180
603 559
604
604 466
604 560
605
605 225
605 561
606
606 137
606 529
607
607 207
607 224
608
608 548
608 562
609
609 50
609 413
610
610 76
610 200
611
611 254
611 278
612
612 418
612 563
613
613 175
613 338
614
614 67
614 120
614 120 67
615
615 30
615 195
616
616 309
616 325
617
617 76
617 564
618
618 46
618 101
619
619 565
619 566
620
620 104
620 168
621
621 479
621 567
622
622 136
622 338
623
623 568
623 569
624
624 487
624 551
625
625 99
625 363
626
626 404
626 506
627
627 64
627 371
628
628 76
628 219
629
629 86
629 363
630
630 19
630 350
631
631 2
631 187
632
632 12
632 50
633
633 54
633 86
634
634 14
634 166
635
635 363
635 472
636
636 210
636 570
637
637 115
637 265
638
638 166
638 571
639
639 2
639 572
640
640 147
640 177
641
641 553
641 573
642
642 177
642 283
643
643 435
643 574
644
644 334
644 537
645
645 167
645 570
646
646 33
646 439
647
647 207
647 575
648
648 338
648 382
649
649 42
649 576
650
650 7
650 122
651
651 153
651 434
651 434 153
652
652 251
652 577
653
653 85
653 578
654
654 94
654 260
655
655 106
655 579
656
656 105
656 324
657
657 117
657 580
658
658 424
658 581
659
659 7
659 582
660
660 285
660 373
661
661 300
661 534
662
662 76
662 583
663
663 189
663 584
664
664 585
664 586
665
665 229
665 587
666
666 408
666 468
667
667 346
667 588
668
668 34
668 520
669
669 556
669 589
670
670 23
670 155
671
671 23
671 290
672
672 185
672 590
673
673 561
673 591
674
674 254
674 592
675
675 243
675 576
676
676 186
676 587
677
677 136
677 593
678
678 173
678 225
679
679 65
679 115
680
680 180
680 271
681
681 134
681 166
682
682 48
682 338
683
683 64
683 428
684
684 297
684 365
685
685 23
685 50
686
686 554
686 594
687
687 295
687 595
688
688 428
688 476
689
689 74
689 123
690
690 596
690 597
691
691 99
691 283
692
692 3
692 436
693
693 135
693 206
694
694 490
694 563
695
695 598
695 599
696
696 300
696 310
697
697 177
697 600
698
698 202
698 601
699
699 59
699 233
700
700 189
700 561
701
701 112
701 124
702
702 602
702 603
703
703 437
703 526
704
704 98
704 265
705
705 468
705 564
706
706 265
706 604
707
707 603
707 605
708
708 187
708 606
709
709 117
709 386
710
710 607
710 608
711
711 95
711 108
712
712 9
712 564
713
713 33
713 564
714
714 167
714 609
715
715 42
715 79
715 79 42
716
716 74
716 186
717
717 34
717 610
718
718 71
718 207
719
719 93
719 380
720
720 21
720 611
721
721 144
721 574
722
722 238
722 281
723
723 342
723 612
724
724 42
724 82
725
725 135
725 594
726
726 82
726 286
727
727 13
727 613
728
728 94
728 262
729
729 44
729 53
730
730 331
730 466
731
731 186
731 236
732
732 118
732 614
733
733 112
733 140
734
734 569
734 597
735
735 139
735 186
736
736 615
736 616
737
737 38
737 617
738
738 40
738 475
739
739 559
739 597
740
740 407
740 553
741
741 135
741 618
742
742 355
742 619
743
743 64
743 620
744
744 7
744 70
745
745 601
745 621
746
746 4
746 618
747
747 251
747 622
748
748 23
748 456
749
749 114
749 623
750
750 7
750 624
751
751 64
751 625
752
752 50
752 437
753
753 276
753 423
754
754 86
754 177
755
755 219
755 564
756
756 66
756 473
757
757 94
757 245
758
758 268
758 388
759
759 221
759 626
760
760 283
760 315
761
761 180
761 402
762
762 383
762 627
763
763 628
763 629
764
764 65
764 94
765
765 457
765 630
766
766 47
766 518
767
767 315
767 567
768
768 160
768 631
769
769 3
769 64
770
770 94
770 123
771
771 375
771 632
772
772 135
772 395
773
773 108
773 166
774
774 50
774 204
775
775 36
775 633
776
776 104
776 634
777
777 213
777 635
778
778 26
778 373
779
779 385
779 473
780
780 444
780 570
781
781 50
781 156
782
782 173
782 636
783
783 579
783 637
784
784 23
784 638
785
785 349
785 639
786
786 309
786 640
787
787 50
787 53
788
788 317
788 591
789
789 34
789 641
790
790 99
790 642
791
791 67
791 303
792
792 104
792 643
793
793 258
793 307
794
794 53
794 82
795
795 34
795 644
796
796 50
796 464
797
797 19
797 99
798
798 197
798 540
799
799 300
799 374
800
800 205
800 349
801
801 7
801 641
802
802 194
802 645
803
803 459
803 644
804
804 113
804 149
805
805 351
805 441
806
806 75
806 404
807
807 33
807 201
808
808 472
808 646
809
809 87
809 274
810
810 7
810 647
811
811 41
811 48
812
812 508
812 648
813
813 512
813 525
814
814 643
814 649
815
815 232
815 408
816
816 34
816 180
817
817 16
817 650
818
818 345
818 516
819
819 10
819 651
820
820 56
820 104
820 104 56
821
821 104
821 284
822
822 99
822 437
823
823 23
823 652
824
824 274
824 412
825
825 38
825 138
826
826 76
826 589
827
827 154
827 653
828
828 426
828 455
829
829 97
829 294
830
830 426
830 454
831
831 258
831 268
832
832 207
832 486
833
833 173
833 476
834
834 207
834 517
835
835 289
835 465
836
836 23
836 41
837
837 227
837 654
838
838 655
838 656
839
839 232
839 657
840
840 135
840 571
840 571 135
841
841 63
841 411
842
842 115
842 500
843
843 3
843 206
844
844 5
844 364
845
845 92
845 148
846
846 466
846 658
847
847 58
847 659
848
848 21
848 631
849
849 598
849 660
850
850 86
850 224
851
851 70
851 155
852
852 204
852 265
853
853 99
853 208
854
854 10
854 366
855
855 118
855 315
856
856 171
856 551
857
857 231
857 565
858
858 203
858 472
859
859 436
859 469
860
860 115
860 170
861
861 100
861 138
862
862 150
862 345
863
863 20
863 175
864
864 299
864 661
865
865 64
865 206
866
866 153
866 662
867
867 86
867 111
868
868 489
868 553
869
869 129
869 663
870
870 103
870 376
871
871 351
871 664
872
872 117
872 452
873
873 125
873 207
874
874 149
874 665
875
875 245
875 535
876
876 350
876 666
877
877 34
877 64
877 64 34
878
878 48
878 199
879
879 115
879 338
880
880 106
880 387
881
881 71
881 461
882
882 10
882 667
883
883 428
883 435
884
884 33
884 207
885
885 85
885 86
886
886 510
886 668
887
887 49
887 153
888
888 149
888 669
889
889 379
889 457
890
890 86
890 141
891
891 51
891 125
892
892 563
892 670
893
893 106
893 404
894
894 58
894 411
895
895 139
895 202
896
896 173
896 671
897
897 134
897 352
898
898 42
898 564
899
899 442
899 506
900
900 289
900 346
901
901 93
901 672
902
902 224
902 238
903
903 24
903 601
904
904 18
904 339
905
905 273
905 668
906
906 7
906 209
907
907 112
907 266
908
908 214
908 586
909
909 10
909 673
910
910 41
910 589
911
911 124
911 674
912
912 402
912 590
913
913 508
913 675
914
914 578
914 676
915
915 130
915 157
916
916 267
916 671
917
917 33
917 112
918
918 86
918 121
919
919 118
919 654
920
920 72
920 202
921
921 178
921 677
922
922 2
922 119
923
923 186
923 228
924
924 68
924 506
925
925 257
925 579
926
926 476
926 594
927
927 349
927 678
928
928 11
928 149
929
929 68
929 529
930
930 68
930 583
931
931 46
931 349
932
932 125
932 221
933
933 189
933 520
934
934 241
934 679
935
935 104
935 202
936
936 54
936 411
937
937 649
937 680
938
938 449
938 644
939
939 131
939 283
940
940 117
940 451
941
941 80
941 664
942
942 50
942 57
943
943 86
943 681
944
944 177
944 284
945
945 135
945 610
946
946 408
946 682
947
947 123
947 230
948
948 14
948 114
949
949 423
949 683
950
950 9
950 33
951
951 42
951 506
952
952 23
952 684
953
953 76
953 313
954
954 195
954 685
955
955 14
955 686
956
956 36
956 124
957
957 115
957 237
958
958 112
958 640
959
959 85
959 687
960
960 246
960 683
961
961 337
961 464
962
962 112
962 688
963
963 280
963 689
964
964 629
964 690
965
965 100
965 691
966
966 546
966 630
967
967 98
967 511
968
968 289
968 692
969
969 440
969 693
970
970 94
970 694
971
971 96
971 289
972
972 168
972 528
973
973 3
973 252
974
974 141
974 189
975
975 182
975 338
976
976 115
976 378
976 378 115
977
977 163
977 695
978
978 184
978 696
979
979 210
979 489
980
980 115
980 697
981
981 387
981 698
982
982 62
982 699
983
983 562
983 581
984
984 99
984 476
985
985 700
985 701
986
986 100
986 702
987
987 139
987 524
988
988 115
988 341
989
989 186
989 703
990
990 197
990 704
991
991 134
991 594
992
992 295
992 387
993
993 266
993 630
994
994 510
994 705
995
995 23
995 270
996
996 34
996 460
997
997 21
997 534
998
998 23
998 706
999
999 230
999 410
1000
1000 138
1000 393
1001
1001 50
1001 149
1002
1002 335
1002 346
1003
1003 84
1003 102
1004
1004 444
1004 452
1005
1005 101
1005 595
1006
1006 147
1006 296
1007
1007 23
1007 707
1008
1008 648
1008 708
1009
1009 260
1009 524
1010
1010 96
1010 376
1011
1011 179
1011 709
1012
1012 68
1012 487
1013
1013 349
1013 710
1014
1014 210
1014 420
1015
1015 27
1015 222
1016
1016 380
1016 515
1017
1017 7
1017 708
1018
1018 648
1018 711
1019
1019 85
1019 104
1020
1020 102
1020 657
1021
1021 7
1021 198
1022
1022 690
1022 712
1023
1023 83
1023 564
1024
1024 37
1024 123
1025
1025 155
1025 223
1026
1026 23
1026 669
1027
1027 21
1027 23
1028
1028 190
1028 261
1029
1029 13
1029 170
1030
1030 513
1030 572
1031
1031 149
1031 442
1032
1032 38
1032 338
1032 338 38
1033
1033 263
1033 436
1034
1034 223
1034 713
1035
1035 63
1035 494
1036
1036 104
1036 309
1037
1037 118
1037 414
1038
1038 230
1038 682
1039
1039 12
1039 224
1040
1040 34
1040 395
1041
1041 127
1041 246
1042
1042 115
1042 475
1043
1043 115
1043 498
1044
1044 99
1044 305
1045
1045 316
1045 503
1046
1046 100
1046 386
1047
1047 471
1047 714
1048
1048 163
1048 715
1049
1049 123
1049 463
1050
1050 380
1050 716
1051
1051 2
1051 504
1052
1052 132
1052 207
1053
1053 71
1053 85
1054
1054 18
1054 50
1055
1055 112
1055 125
1056
1056 562
1056 615
1057
1057 27
1057 221
1058
1058 23
1058 513
1059
1059 137
1059 412
1060
1060 274
1060 315
1061
1061 34
1061 44
1062
1062 14
1062 94
1063
1063 424
1063 428
1064
1064 98
1064 404
1065
1065 99
1065 432
1066
1066 114
1066 431
1067
1067 177
1067 454
1068
1068 199
1068 207
1069
1069 424
1069 547
1070
1070 175
1070 598
1071
1071 253
1071 442
1072
1072 118
1072 717
1073
1073 113
1073 365
1074
1074 210
1074 718
1075
1075 574
1075 719
1076
1076 149
1076 166
1076 166 149
1077
1077 68
1077 468
1078
1078 143
1078 720
1079
1079 595
1079 721
1080
1080 104
1080 586
1081
1081 155
1081 203
1082
1082 70
1082 135
1083
1083 147
1083 284
1084
1084 266
1084 664
1085
1085 221
1085 503
1085 503 221
1086
1086 345
1086 722
1087
1087 322
1087 561
1088
1088 2
1088 62
1089
1089 232
1089 238
1090
1090 175
1090 693
1091
1091 278
1091 723
1092
1092 59
1092 433
1093
1093 52
1093 266
1094
1094 25
1094 724
1095
1095 356
1095 725
1096
1096 203
1096 350
1097
1097 237
1097 515
1098
1098 133
1098 683
1099
1099 606
1099 726
1100
1100 97
1100 473
1101
1101 68
1101 408
1102
1102 171
1102 436
1103
1103 308
1103 501
1104
1104 251
1104 498
1105
1105 349
1105 503
1106
1106 34
1106 727
1107
1107 80
1107 266
1108
1108 370
1108 567
1109
1109 85
1109 728
1110
1110 43
1110 64
1111
1111 376
1111 729
1112
1112 86
1112 574
1113
1113 730
1113 731
1114
1114 50
1114 349
1115
1115 437
1115 631
1116
1116 230
1116 412
1117
1117 150
1117 457
1118
1118 192
1118 343
1119
1119 372
1119 732
1120
1120 303
1120 341
1121
1121 221
1121 499
1122
1122 474
1122 733
1123
1123 68
1123 576
1124
1124 113
1124 652
1125
1125 324
1125 440
1126
1126 307
1126 734
1127
1127 468
1127 506
1128
1128 295
1128 678
1129
1129 364
1129 621
1130
1130 106
1130 735
1131
1131 338
1131 391
1132
1132 189
1132 487
1133
1133 54
1133 58
1134
1134 246
1134 561
1135
1135 54
1135 275
1136
1136 27
1136 499
1137
1137 148
1137 173
1138
1138 12
1138 23
1138 23 12
1139
1139 224
1139 464
1140
1140 41
1140 202
1141
1141 324
1141 388
1141 388 324
1142
1142 207
1142 640
1143
1143 156
1143 428
1144
1144 99
1144 736
1145
1145 202
1145 357
1146
1146 186
1146 737
1147
1147 76
1147 673
1148
1148 97
1148 103
1149
1149 7
1149 738
1150
1150 261
1150 725
1151
1151 196
1151 736
1152
1152 52
1152 67
1153
1153 114
1153 175
1154
1154 180
1154 551
1155
1155 285
1155 662
1156
1156 7
1156 739
1157
1157 97
1157 238
1158
1158 138
1158 366
1159
1159 650
1159 738
1160
1160 397
1160 558
1161
1161 233
1161 495
1162
1162 382
1162 740
1163
1163 4
1163 258
1164
1164 42
1164 268
1165
1165 223
1165 517
1166
1166 139
1166 640
1167
1167 50
1167 524
1168
1168 41
1168 732
1169
1169 283
1169 426
1170
1170 266
1170 697
1171
1171 515
1171 591
1172
1172 95
1172 334
1173
1173 496
1173 659
1174
1174 86
1174 173
1175
1175 424
1175 510
1176
1176 183
1176 628
1177
1177 99
1177 192
1178
1178 427
1178 671
1179
1179 104
1179 308
1180
1180 141
1180 741
1181
1181 138
1181 486
1182
1182 177
1182 235
1183
1183 64
1183 742
1184
1184 393
1184 553
1185
1185 54
1185 233
1186
1186 306
1186 473
1187
1187 221
1187 743
1188
1188 106
1188 403
1189
1189 2
1189 692
1190
1190 44
1190 268
1191
1191 188
1191 561
1192
1192 3
1192 208
1193
1193 22
1193 611
1194
1194 19
1194 474
1195
1195 50
1195 96
1196
1196 152
1196 182
1197
1197 171
1197 268
1198
1198 510
1198 744
1199
1199 274
1199 687
1200
1200 165
1200 327
1201
1201 386
1201 607
1202
1202 327
1202 574
1203
1203 315
1203 574
1204
1204 295
1204 442
1205
1205 203
1205 745
1206
1206 339
1206 366
1207
1207 231
1207 430
1208
1208 59
1208 400
1209
1209 10
1209 746
1210
1210 116
1210 576
1211
1211 597
1211 747
1212
1212 10
1212 50
1213
1213 88
1213 104
1214
1214 50
1214 748
1215
1215 397
1215 662
1216
1216 46
1216 265
1217
1217 94
1217 365
1218
1218 50
1218 284
1219
1219 687
1219 723
1220
1220 167
1220 309
1221
1221 42
1221 673
1222
1222 452
1222 590
1223
1223 7
1223 719
1224
1224 365
1224 749
1225
1225 177
1225 455
1226
1226 412
1226 587
1227
1227 33
1227 243
1228
1228 498
1228 640
1229
1229 164
1229 380
1230
1230 202
1230 498
1231
1231 318
1231 463
1232
1232 180
1232 750
1233
1233 189
1233 307
1234
1234 253
1234 324
1235
1235 53
1235 137
1236
1236 94
1236 174
1237
1237 115
1237 493
1238
1238 278
1238 294
1239
1239 166
1239 424
1240
1240 40
1240 428
1241
1241 100
1241 442
1242
1242 751
1242 752
1243
1243 352
1243 559
1244
1244 186
1244 306
1245
1245 133
1245 496
1246
1246 223
1246 285
1247
1247 102
1247 238
1248
1248 28
1248 261
1249
1249 202
1249 220
1250
1250 198
1250 346
1251
1251 332
1251 364
1252
1252 286
1252 753
1253
1253 303
1253 532
1254
1254 295
1254 604
1255
1255 292
1255 301
1256
1256 411
1256 659
1257
1257 38
1257 337
1258
1258 628
1258 690
1259
1259 188
1259 279
1260
1260 24
1260 160
1261
1261 160
1261 601
1262
1262 86
1262 561
1263
1263 254
1263 267
1264
1264 303
1264 340
1265
1265 50
1265 64
1266
1266 230
1266 587
1267
1267 136
1267 186
1268
1268 227
1268 488
1269
1269 26
1269 217
1270
1270 315
1270 393
1271
1271 7
1271 501
1272
1272 104
1272 437
1273
1273 202
1273 338
1274
1274 2
1274 261
1275
1275 26
1275 207
1276
1276 123
1276 385
1277
1277 81
1277 404
1278
1278 169
1278 245
1279
1279 44
1279 135
1280
1280 238
1280 541
1281
1281 107
1281 123
1282
1282 28
1282 700
1283
1283 157
1283 284
1284
1284 189
1284 384
1285
1285 189
1285 530
1286
1286 266
1286 754
1287
1287 755
1287 756
1288
1288 503
1288 713
1289
1289 641
1289 757
1290
1290 68
1290 313
1290 313 68
1291
1291 86
1291 529
1292
1292 173
1292 303
1293
1293 27
1293 758
1294
1294 75
1294 506
1295
1295 394
1295 479
1296
1296 204
1296 280
1297
1297 34
1297 759
1298
1298 544
1298 760
1299
1299 34
1299 524
1300
1300 66
1300 238
1301
1301 223
1301 761
1302
1302 10
1302 65
1303
1303 10
1303 762
1304
1304 10
1304 104
1305
1305 54
1305 495
1306
1306 466
1306 555
1307
1307 33
1307 746
1308
1308 97
1308 311
1309
1309 59
1309 275
1310
1310 370
1310 446
1311
1311 120
1311 220
1312
1312 10
1312 82
1313
1313 33
1313 137
1314
1314 7
1314 116
1315
1315 27
1315 120
1316
1316 508
1316 763
1317
1317 419
1317 530
1318
1318 111
1318 381
1319
1319 254
1319 306
1320
1320 48
1320 493
1321
1321 40
1321 366
1322
1322 156
1322 455
1323
1323 123
1323 728
1324
1324 278
1324 516
1325
1325 571
1325 764
1326
1326 265
1326 518
1327
1327 308
1327 745
1328
1328 37
1328 136
1329
1329 170
1329 352
1330
1330 58
1330 86
1331
1331 24
1331 765
1332
1332 261
1332 553
1333
1333 340
1333 524
1334
1334 82
1334 529
1335
1335 34
1335 480
1336
1336 83
1336 307
1337
1337 48
1337 223
1338
1338 49
1338 397
1339
1339 766
1339 767
1340
1340 50
1340 510
1341
1341 319
1341 345
1342
1342 67
1342 139
1343
1343 198
1343 768
1344
1344 94
1344 769
1345
1345 117
1345 470
1346
1346 203
1346 366
1347
1347 50
1347 765
1348
1348 614
1348 770
1349
1349 82
1349 480
1350
1350 404
1350 442
1351
1351 41
1351 124
1352
1352 266
1352 403
1353
1353 131
1353 454
1354
1354 404
1354 437
1355
1355 101
1355 117
1356
1356 112
1356 525
1357
1357 364
1357 663
1358
1358 303
1358 380
1359
1359 180
1359 216
1360
1360 99
1360 745
1361
1361 139
1361 226
1362
1362 339
1362 771
1363
1363 97
1363 232
1364
1364 172
1364 208
1365
1365 113
1365 455
1366
1366 268
1366 384
1367
1367 108
1367 435
1368
1368 86
1368 411
1369
1369 772
1369 773
1370
1370 225
1370 565
1371
1371 36
1371 50
1372
1372 118
1372 770
1373
1373 520
1373 656
1374
1374 150
1374 274
1375
1375 36
1375 774
1376
1376 775
1376 776
1377
1377 417
1377 429
1378
1378 86
1378 712
1379
1379 368
1379 617
1380
1380 91
1380 265
1381
1381 99
1381 308
1382
1382 86
1382 773
1383
1383 353
1383 542
1384
1384 156
1384 177
1385
1385 53
1385 630
1386
1386 76
1386 365
1387
1387 202
1387 366
1388
1388 65
1388 251
1389
1389 23
1389 540
1390
1390 214
1390 777
1391
1391 136
1391 345
1392
1392 23
1392 496
1393
1393 284
1393 467
1394
1394 327
1394 674
1395
1395 108
1395 155
1396
1396 390
1396 443
1397
1397 33
1397 139
1398
1398 450
1398 778
1399
1399 275
1399 436
1400
1400 166
1400 349
1401
1401 156
1401 176
1402
1402 113
1402 177
1403
1403 137
1403 344
1404
1404 211
1404 503
1405
1405 356
1405 779
1406
1406 106
1406 112
1407
1407 203
1407 736
1408
1408 186
1408 472
1409
1409 41
1409 640
1410
1410 162
1410 528
1411
1411 97
1411 729
1412
1412 59
1412 86
1413
1413 86
1413 780
1414
1414 345
1414 654
1415
1415 64
1415 480
1416
1416 211
1416 404
1417
1417 237
1417 672
1418
1418 103
1418 232
1419
1419 350
1419 474
1420
1420 134
1420 551
1421
1421 150
1421 318
1422
1422 64
1422 781
1423
1423 297
1423 782
1424
1424 1
1424 30
1425
1425 581
1425 783
1426
1426 34
1426 784
1427
1427 265
1427 281
1428
1428 234
1428 452
1429
1429 229
1429 385
1430
1430 404
1430 785
1431
1431 346
1431 434
1432
1432 50
1432 94
1432 94 50
1433
1433 50
1433 185
1434
1434 12
1434 17
1435
1435 76
1435 746
1436
1436 113
1436 171
1437
1437 82
1437 171
1438
1438 104
1438 216
1439
1439 366
1439 437
1440
1440 175
1440 453
1441
1441 64
1441 352
1442
1442 249
1442 786
1443
1443 207
1443 222
1444
1444 112
1444 186
1445
1445 166
1445 170
1446
1446 67
1446 546
1447
1447 261
1447 787
1448
1448 186
1448 254
1449
1449 133
1449 628
1450
1450 86
1450 245
1451
1451 106
1451 678
1452
1452 1
1452 246
1453
1453 261
1453 779
1454
1454 278
1454 306
1455
1455 298
1455 788
1456
1456 595
1456 617
1457
1457 117
1457 485
1458
1458 217
1458 517
1459
1459 49
1459 285
1460
1460 504
1460 561
1461
1461 34
1461 789
1461 789 34
1462
1462 23
1462 573
1463
1463 3
1463 180
1464
1464 33
1464 113
1465
1465 186
1465 399
1466
1466 170
1466 348
1467
1467 12
1467 86
1468
1468 589
1468 781
1469
1469 99
1469 733
1470
1470 259
1470 418
1471
1471 11
1471 108
1472
1472 125
1472 166
1473
1473 33
1473 82
1474
1474 113
1474 435
1474 435 113
1475
1475 82
1475 190
1476
1476 10
1476 790
1477
1477 174
1477 791
1478
1478 11
1478 186
1479
1479 48
1479 207
1480
1480 132
1480 138
1481
1481 255
1481 654
1482
1482 114
1482 792
1483
1483 378
1483 700
1484
1484 107
1484 723
1485
1485 70
1485 139
1486
1486 99
1486 203
1487
1487 175
1487 472
1488
1488 230
1488 278
1489
1489 104
1489 363
1490
1490 245
1490 466
1491
1491 285
1491 434
1492
1492 661
1492 793
1493
1493 67
1493 498
1494
1494 113
1494 791
1495
1495 99
1495 413
1496
1496 18
1496 571
1497
1497 105
1497 312
1498
1498 118
1498 794
1499
1499 94
1499 104
1500
1500 198
1500 605
1501
1501 384
1501 529
1502
1502 30
1502 138
1503
1503 113
1503 384
1504
1504 394
1504 682
1505
1505 86
1505 400
1506
1506 23
1506 795
1507
1507 94
1507 338
1508
1508 547
1508 581
1509
1509 140
1509 404
1510
1510 53
1510 234
1511
1511 243
1511 268
1512
1512 648
1512 721
1513
1513 33
1513 104
1514
1514 366
1514 482
1515
1515 100
1515 338
1516
1516 318
1516 674
1517
1517 179
1517 691
1518
1518 479
1518 622
1519
1519 68
1519 171
1520
1520 62
1520 66
1521
1521 86
1521 512
1522
1522 318
1522 345
1523
1523 468
1523 486
1524
1524 796
1524 797
1525
1525 68
1525 651
1526
1526 10
1526 69
1527
1527 688
1527 798
1528
1528 46
1528 525
1529
1529 133
1529 195
1530
1530 14
1530 424
1531
1531 182
1531 799
1532
1532 581
1532 616
1533
1533 345
1533 473
1534
1534 370
1534 393
1535
1535 150
1535 482
1536
1536 332
1536 670
1537
1537 70
1537 117
1538
1538 237
1538 591
1539
1539 102
1539 306
1540
1540 21
1540 374
1541
1541 68
1541 564
1542
1542 590
1542 696
1543
1543 232
1543 482
1544
1544 570
1544 640
1545
1545 246
1545 773
1546
1546 279
1546 411
1547
1547 66
1547 412
1548
1548 10
1548 44
1549
1549 458
1549 714
1550
1550 104
1550 442
1551
1551 217
1551 500
1552
1552 99
1552 220
1553
1553 34
1553 551
1554
1554 207
1554 500
1555
1555 50
1555 125
1556
1556 254
1556 412
1557
1557 370
1557 794
1558
1558 104
1558 269
1559
1559 50
1559 339
1560
1560 76
1560 443
1561
1561 615
1561 783
1562
1562 166
1562 800
1563
1563 421
1563 573
1564
1564 79
1564 365
1565
1565 114
1565 547
1566
1566 435
1566 492
1567
1567 537
1567 684
1568
1568 136
1568 801
1569
1569 208
1569 428
1570
1570 424
1570 802
1571
1571 289
1571 803
1572
1572 134
1572 172
1573
1573 11
1573 349
1574
1574 13
1574 94
1575
1575 68
1575 384
1576
1576 448
1576 527
1577
1577 343
1577 378
1578
1578 23
1578 736
1579
1579 42
1579 743
1580
1580 198
1580 804
1581
1581 50
1581 124
1582
1582 62
1582 805
1583
1583 42
1583 651
1584
1584 52
1584 545
1585
1585 59
1585 135
1586
1586 65
1586 185
1587
1587 463
1587 587
1588
1588 5
1588 419
1589
1589 238
1589 376
1590
1590 64
1590 551
1591
1591 23
1591 424
1592
1592 370
1592 394
1593
1593 196
1593 280
1594
1594 246
1594 510
1595
1595 166
1595 182
1596
1596 348
1596 806
1597
1597 230
1597 236
1598
1598 64
1598 395
1599
1599 112
1599 174
1599 174 112
1600
1600 600
1600 695
1601
1601 74
1601 238
1602
1602 233
1602 238
1603
1603 807
1603 808
1604
1604 18
1604 379
1605
1605 10
1605 268
1606
1606 243
1606 651
1607
1607 50
1607 170
1608
1608 1
1608 785
1609
1609 190
1609 202
1610
1610 117
1610 356
1611
1611 499
1611 809
1612
1612 274
1612 723
1613
1613 262
1613 378
1614
1614 108
1614 712
1615
1615 64
1615 275
1616
1616 186
1616 312
1617
1617 27
1617 713
1618
1618 198
1618 221
1619
1619 258
1619 286
1620
1620 522
1620 810
1621
1621 30
1621 495
1622
1622 33
1622 166
1623
1623 1
1623 767
1624
1624 543
1624 557
1625
1625 246
1625 697
1626
1626 561
1626 770
1627
1627 157
1627 455
1628
1628 595
1628 811
1629
1629 315
1629 812
1630
1630 131
1630 455
1631
1631 70
1631 221
1632
1632 170
1632 410
1633
1633 37
1633 478
1634
1634 500
1634 713
1635
1635 10
1635 68
1636
1636 116
1636 209
1637
1637 199
1637 813
1638
1638 506
1638 564
1639
1639 106
1639 265
1640
1640 393
1640 622
1641
1641 36
1641 344
1642
1642 79
1642 529
1643
1643 53
1643 104
1644
1644 449
1644 551
1645
1645 21
1645 310
1646
1646 96
1646 186
1647
1647 384
1647 673
1648
1648 132
1648 589
1649
1649 108
1649 814
1650
1650 48
1650 809
1651
1651 126
1651 246
1652
1652 140
1652 815
1653
1653 197
1653 778
1654
1654 48
1654 434
1655
1655 50
1655 352
1656
1656 175
1656 440
1657
1657 37
1657 278
1658
1658 68
1658 790
1659
1659 418
1659 490
1660
1660 124
1660 345
1661
1661 493
1661 816
1662
1662 43
1662 268
1663
1663 121
1663 149
1664
1664 57
1664 403
1665
1665 84
1665 99
1666
1666 257
1666 817
1667
1667 15
1667 650
1668
1668 278
1668 682
1669
1669 106
1669 351
1670
1670 23
1670 423
1671
1671 130
1671 455
1672
1672 380
1672 591
1673
1673 114
1673 327
1674
1674 478
1674 653
1675
1675 453
1675 504
1676
1676 23
1676 363
1676 363 23
1677
1677 155
1677 461
1678
1678 345
1678 774
1679
1679 199
1679 230
1680
1680 316
1680 818
1681
1681 207
1681 217
1682
1682 85
1682 197
1683
1683 86
1683 281
1684
1684 498
1684 672
1685
1685 283
1685 454
1686
1686 176
1686 460
1687
1687 104
1687 174
1688
1688 289
1688 672
1689
1689 68
1689 743
1690
1690 115
1690 819
1691
1691 173
1691 249
1692
1692 136
1692 516
1693
1693 265
1693 626
1694
1694 9
1694 82
1695
1695 412
1695 820
1696
1696 53
1696 173
1697
1697 166
1697 202
1698
1698 48
1698 71
1699
1699 97
1699 174
1700
1700 116
1700 372
1701
1701 210
1701 573
1702
1702 86
1702 279
1703
1703 166
1703 363
1704
1704 174
1704 274
1705
1705 71
1705 170
1706
1706 476
1706 491
1707
1707 76
1707 253
1708
1708 338
1708 349
1709
1709 106
1709 143
1710
1710 52
1710 417
1711
1711 278
1711 687
1712
1712 81
1712 745
1713
1713 26
1713 517
1714
1714 43
1714 135
1715
1715 382
1715 551
1716
1716 163
1716 558
1717
1717 44
1717 134
1718
1718 70
1718 90
1719
1719 237
1719 341
1720
1720 104
1720 203
1721
1721 103
1721 238
1722
1722 189
1722 436
1723
1723 106
1723 378
1724
1724 43
1724 476
1725
1725 75
1725 378
1726
1726 7
1726 168
1727
1727 332
1727 560
1728
1728 133
1728 561
1729
1729 175
1729 350
1730
1730 543
1730 716
1731
1731 139
1731 737
1732
1732 236
1732 306
1733
1733 130
1733 235
1734
1734 41
1734 309
1735
1735 30
1735 494
1736
1736 241
1736 821
1737
1737 84
1737 249
1738
1738 50
1738 457
1739
1739 38
1739 822
1740
1740 287
1740 314
1741
1741 23
1741 404
1742
1742 170
1742 682
1743
1743 320
1743 683
1744
1744 53
1744 403
1745
1745 202
1745 222
1746
1746 87
1746 687
1747
1747 85
1747 278
1748
1748 104
1748 106
1749
1749 74
1749 473
1750
1750 99
1750 572
1751
1751 46
1751 270
1752
1752 23
1752 378
1753
1753 86
1753 318
1754
1754 74
1754 412
1755
1755 306
1755 344
1756
1756 99
1756 349
1757
1757 42
1757 68
1758
1758 106
1758 498
1759
1759 136
1759 227
1760
1760 237
1760 303
1761
1761 499
1761 653
1762
1762 239
1762 431
1763
1763 236
1763 399
1764
1764 36
1764 519
1765
1765 251
1765 633
1766
1766 115
1766 823
1767
1767 114
1767 506
1768
1768 230
1768 578
1769
1769 123
1769 412
1770
1770 236
1770 360
1771
1771 273
1771 510
1772
1772 408
1772 412
1773
1773 253
1773 743
1774
1774 102
1774 412
1775
1775 192
1775 305
1776
1776 387
1776 617
1777
1777 365
1777 384
1778
1778 278
1778 473
1779
1779 2
1779 173
1780
1780 266
1780 545
1781
1781 525
1781 604
1782
1782 173
1782 752
1783
1783 723
1783 801
1784
1784 211
1784 570
1785
1785 9
1785 171
1786
1786 68
1786 439
1787
1787 198
1787 517
1788
1788 216
1788 366
1789
1789 76
1789 576
1790
1790 170
1790 435
1791
1791 197
1791 824
1792
1792 327
1792 344
1793
1793 50
1793 390
1794
1794 123
1794 682
1795
1795 168
1795 626
1796
1796 220
1796 700
1797
1797 48
1797 221
1798
1798 167
1798 825
1799
1799 64
1799 633
1800
1800 115
1800 404
1801
1801 121
1801 175
1802
1802 78
1802 257
1803
1803 243
1803 672
1804
1804 99
1804 106
1805
1805 1
1805 215
1806
1806 82
1806 335
1807
1807 336
1807 522
1808
1808 272
1808 431
1809
1809 27
1809 199
1810
1810 158
1810 460
1811
1811 93
1811 148
1812
1812 134
1812 784
1813
1813 120
1813 185
1814
1814 332
1814 490
1815
1815 108
1815 234
1816
1816 279
1816 826
1817
1817 58
1817 433
1818
1818 41
1818 156
1819
1819 227
1819 534
1820
1820 279
1820 453
1821
1821 349
1821 447
1822
1822 74
1822 103
1823
1823 308
1823 579
1824
1824 19
1824 827
1825
1825 364
1825 819
1826
1826 530
1826 563
1827
1827 221
1827 437
1828
1828 209
1828 234
1829
1829 329
1829 653
1830
1830 64
1830 388
1831
1831 528
1831 665
1832
1832 221
1832 281
1833
1833 243
1833 529
1834
1834 274
1834 473
1835
1835 214
1835 269
1836
1836 72
1836 190
1837
1837 115
1837 633
1838
1838 295
1838 811
1839
1839 378
1839 437
1840
1840 1
1840 86
1841
1841 478
1841 828
1842
1842 338
1842 350
1843
1843 123
1843 186
1844
1844 750
1844 770
1845
1845 387
1845 721
1846
1846 106
1846 604
1847
1847 318
1847 410
1848
1848 142
1848 561
1849
1849 261
1849 829
1850
1850 224
1850 232
1851
1851 186
1851 814
1852
1852 199
1852 223
1853
1853 173
1853 830
1854
1854 198
1854 711
1855
1855 344
1855 385
1856
1856 118
1856 178
1857
1857 273
1857 806
1858
1858 53
1858 831
1859
1859 66
1859 97
1860
1860 33
1860 529
1861
1861 133
1861 194
1862
1862 453
1862 572
1863
1863 108
1863 519
1864
1864 536
1864 674
1865
1865 187
1865 671
1866
1866 27
1866 207
1867
1867 41
1867 208
1868
1868 156
1868 454
1869
1869 529
1869 564
1870
1870 108
1870 312
1871
1871 522
1871 538
1871 538 522
1872
1872 338
1872 646
1873
1873 203
1873 501
1874
1874 192
1874 304
1875
1875 10
1875 529
1876
1876 671
1876 832
1877
1877 121
1877 334
1878
1878 44
1878 480
1879
1879 327
1879 380
1880
1880 30
1880 54
1881
1881 116
1881 636
1882
1882 104
1882 368
1883
1883 374
1883 611
1884
1884 295
1884 698
1885
1885 148
1885 833
1886
1886 180
1886 208
1887
1887 23
1887 828
1888
1888 692
1888 834
1889
1889 351
1889 732
1890
1890 38
1890 522
1891
1891 53
1891 529
1892
1892 693
1892 835
1893
1893 472
1893 825
1894
1894 115
1894 836
1895
1895 137
1895 290
1896
1896 3
1896 734
1897
1897 136
1897 236
1898
1898 266
1898 488
1899
1899 138
1899 562
1900
1900 387
1900 763
1901
1901 33
1901 43
1902
1902 85
1902 358
1903
1903 108
1903 493
1904
1904 166
1904 350
1905
1905 837
1905 838
1906
1906 251
1906 794
1907
1907 71
1907 640
1908
1908 367
1908 574
1909
1909 14
1909 95
1910
1910 86
1910 839
1911
1911 262
1911 546
1912
1912 174
1912 520
1913
1913 82
1913 243
1914
1914 33
1914 268
1915
1915 287
1915 831
1916
1916 362
1916 466
1917
1917 279
1917 840
1918
1918 343
1918 372
1919
1919 207
1919 503
1920
1920 33
1920 83
1921
1921 115
1921 340
1922
1922 164
1922 515
1923
1923 23
1923 650
1924
1924 71
1924 413
1925
1925 21
1925 300
1926
1926 397
1926 493
1927
1927 180
1927 480
1928
1928 23
1928 841
1929
1929 106
1929 115
1930
1930 156
1930 426
1931
1931 191
1931 343
1932
1932 349
1932 842
1933
1933 459
1933 653
1934
1934 267
1934 279
1935
1935 48
1935 503
1936
1936 843
1936 844
1937
1937 108
1937 517
1938
1938 113
1938 176
1939
1939 591
1939 653
1940
1940 457
1940 691
1941
1941 94
1941 556
1942
1942 104
1942 720
1943
1943 185
1943 338
1944
1944 165
1944 536
1945
1945 400
1945 494
1946
1946 98
1946 104
1947
1947 106
1947 617
1948
1948 351
1948 376
1949
1949 63
1949 433
1950
1950 104
1950 510
1951
1951 23
1951 445
1952
1952 271
1952 709
1953
1953 27
1953 500
1954
1954 577
1954 608
1955
1955 186
1955 447
1956
1956 106
1956 496
1957
1957 845
1957 846
1958
1958 209
1958 419
1959
1959 112
1959 202
1960
1960 50
1960 115
1961
1961 94
1961 127
1962
1962 113
1962 147
1963
1963 289
1963 441
1964
1964 78
1964 186
1965
1965 138
1965 337
1966
1966 217
1966 809
1967
1967 67
1967 92
1968
1968 144
1968 847
1969
1969 149
1969 657
1970
1970 226
1970 366
1971
1971 337
1971 437
1972
1972 270
1972 848
1973
1973 71
1973 140
1974
1974 82
1974 324
1975
1975 227
1975 516
1976
1976 175
1976 849
1977
1977 38
1977 104
1978
1978 7
1978 804
1979
1979 419
1979 596
1980
1980 437
1980 644
1981
1981 149
1981 833
1982
1982 327
1982 830
1983
1983 134
1983 161
1984
1984 91
1984 117
1985
1985 94
1985 121
1986
1986 139
1986 600
1987
1987 588
1987 850
1988
1988 7
1988 81
1989
1989 86
1989 510
1990
1990 238
1990 657
1991
1991 57
1991 435
1992
1992 309
1992 570
1993
1993 166
1993 339
1994
1994 259
1994 332
1995
1995 154
1995 662
1996
1996 491
1996 785
1997
1997 36
1997 552
1998
1998 10
1998 576
1999
1999 245
1999 851
2000
2000 783
2000 852
2001
2001 194
2001 476
2002
2002 62
2002 657
2003
2003 520
2003 630
2004
2004 20
2004 263
2005
2005 418
2005 448
2006
2006 485
2006 853
2007
2007 371
2007 424
2008
2008 674
2008 836
2009
2009 76
2009 232
2010
2010 106
2010 485
2011
2011 198
2011 251
2012
2012 173
2012 854
2013
2013 855
2013 856
2014
2014 406
2014 522
2015
2015 106
2015 435
2016
2016 10
2016 313
2017
2017 428
2017 475
2018
2018 346
2018 504
2019
2019 11
2019 32
2020
2020 86
2020 697
2021
2021 40
2021 363
2022
2022 136
2022 412
2023
2023 48
2023 558
2024
2024 170
2024 403
2025
2025 607
2025 857
2026
2026 327
2026 535
2027
2027 386
2027 595
2028
2028 12
2028 88
2029
2029 85
2029 529
2030
2030 180
2030 727
2031
2031 631
2031 744
2032
2032 202
2032 207
2033
2033 125
2033 378
2034
2034 122
2034 234
2035
2035 661
2035 858
2036
2036 123
2036 359
2037
2037 22
2037 534
2038
2038 166
2038 818
2039
2039 82
2039 576
2040
2040 168
2040 591
2041
2041 50
2041 389
2042
2042 63
2042 233
2043
2043 101
2043 295
2044
2044 329
2044 404
2045
2045 94
2045 773
2046
2046 115
2046 207
2047
2047 859
2047 860
2048
2048 23
2048 430
2049
2049 74
2049 376
2050
2050 352
2050 498
2051
2051 45
2051 457
2052
2052 157
2052 177
2053
2053 688
2053 861
2054
2054 64
2054 491
2055
2055 51
2055 862
2056
2056 863
2056 864
2057
2057 527
2057 563
2058
2058 116
2058 384
2059
2059 478
2059 629
2060
2060 32
2060 124
2061
2061 254
2061 684
2062
2062 106
2062 224
2063
2063 14
2063 338
2064
2064 97
2064 102
2065
2065 58
2065 494
2066
2066 157
2066 283
2067
2067 99
2067 238
2068
2068 427
2068 561
2069
2069 278
2069 412
2070
2070 286
2070 290
2071
2071 246
2071 346
2072
2072 198
2072 763
2073
2073 631
2073 775
2074
2074 690
2074 865
2075
2075 58
2075 495
2076
2076 477
2076 653
2077
2077 175
2077 835
2078
2078 118
2078 370
2079
2079 194
2079 628
2080
2080 349
2080 772
2081
2081 359
2081 687
2082
2082 94
2082 458
2083
2083 14
2083 113
2084
2084 236
2084 408
2085
2085 38
2085 139
2086
2086 503
2086 839
2087
2087 373
2087 397
2088
2088 378
2088 457
2089
2089 219
2089 268
2090
2090 138
2090 522
2091
2091 370
2091 764
2092
2092 700
2092 708
2093
2093 85
2093 236
2094
2094 86
2094 384
2095
2095 376
2095 657
2096
2096 1
2096 861
2097
2097 96
2097 344
2098
2098 253
2098 866
2099
2099 97
2099 376
2100
2100 85
2100 111
2101
2101 41
2101 352
2102
2102 23
2102 276
2103
2103 67
2103 340
2104
2104 485
2104 595
2105
2105 96
2105 123
2106
2106 867
2106 868
2107
2107 132
2107 547
2108
2108 143
2108 428
2109
2109 465
2109 686
2110
2110 624
2110 845
2111
2111 98
2111 366
2112
2112 76
2112 384
2113
2113 546
2113 749
2114
2114 210
2114 553
2115
2115 426
2115 465
2116
2116 153
2116 173
2117
2117 355
2117 388
2118
2118 238
2118 729
2119
2119 419
2119 527
2120
2120 169
2120 535
2121
2121 566
2121 661
2122
2122 510
2122 806
2123
2123 10
2123 43
2124
2124 53
2124 435
2125
2125 488
2125 516
2126
2126 149
2126 247
2127
2127 548
2127 616
2128
2128 534
2128 611
2129
2129 68
2129 365
2130
2130 344
2130 376
2131
2131 384
2131 746
2132
2132 332
2132 658
2133
2133 220
2133 246
2134
2134 106
2134 312
2135
2135 154
2135 397
2136
2136 54
2136 494
2137
2137 111
2137 723
2138
2138 86
2138 166
2139
2139 153
2139 373
2140
2140 420
2140 573
2141
2141 584
2141 697
2142
2142 122
2142 869
2143
2143 20
2143 700
2144
2144 578
2144 870
2145
2145 147
2145 157
2146
2146 254
2146 682
2147
2147 356
2147 719
2148
2148 173
2148 871
2149
2149 471
2149 650
2150
2150 6
2150 563
2151
2151 393
2151 614
2152
2152 324
2152 383
2153
2153 139
2153 410
2154
2154 378
2154 393
2155
2155 135
2155 181
2156
2156 109
2156 116
2157
2157 18
2157 748
2158
2158 98
2158 444
2159
2159 372
2159 520
2160
2160 121
2160 556
2161
2161 156
2161 235
2162
2162 33
2162 365
2163
2163 439
2163 872
2164
2164 256
2164 514
2165
2165 182
2165 441
2166
2166 124
2166 278
2167
2167 92
2167 873
2168
2168 578
2168 801
2169
2169 548
2169 852
2170
2170 143
2170 643
2171
2171 140
2171 466
2172
2172 62
2172 379
2173
2173 366
2173 404
2174
2174 581
2174 615
2175
2175 295
2175 874
2176
2176 2
2176 279
2177
2177 479
2177 794
2178
2178 645
2178 683
2179
2179 105
2179 220
2180
2180 138
2180 482
2181
2181 123
2181 306
2182
2182 170
2182 594
2183
2183 59
2183 495
2184
2184 579
2184 825
2185
2185 480
2185 770
2186
2186 150
2186 227
2187
2187 125
2187 633
2188
2188 217
2188 232
2189
2189 156
2189 633
2190
2190 274
2190 728
2191
2191 36
2191 104
2192
2192 537
2192 540
2193
2193 444
2193 480
2194
2194 111
2194 473
2195
2195 262
2195 785
2196
2196 235
2196 454
2197
2197 41
2197 476
2198
2198 3
2198 709
2199
2199 66
2199 278
2200
2200 307
2200 618
2201
2201 64
2201 875
2202
2202 334
2202 876
2203
2203 34
2203 135
2204
2204 226
2204 265
2205
2205 185
2205 696
2206
2206 177
2206 426
2207
2207 139
2207 266
2208
2208 346
2208 478
2209
2209 327
2209 873
2210
2210 517
2210 776
2211
2211 156
2211 492
2212
2212 64
2212 180
2213
2213 10
2213 727
2214
2214 86
2214 378
2215
2215 32
2215 123
2216
2216 285
2216 346
2217
2217 229
2217 318
2218
2218 52
2218 441
2219
2219 116
2219 342
2220
2220 650
2220 683
2221
2221 223
2221 628
2222
2222 210
2222 609
2223
2223 352
2223 875
2224
2224 54
2224 181
2225
2225 631
2225 765
2226
2226 525
2226 745
2227
2227 297
2227 788
2228
2228 104
2228 144
2229
2229 211
2229 512
2230
2230 113
2230 472
2231
2231 346
2231 785
2232
2232 236
2232 344
2233
2233 584
2233 656
2234
2234 204
2234 281
2235
2235 223
2235 373
2236
2236 105
2236 253
2237
2237 745
2237 877
2238
2238 98
2238 375
2239
2239 505
2239 564
2240
2240 34
2240 388
2241
2241 30
2241 349
2242
2242 585
2242 792
2243
2243 332
2243 418
2244
2244 421
2244 489
2245
2245 100
2245 139
2246
2246 306
2246 587
2247
2247 186
2247 278
2248
2248 412
2248 687
2249
2249 611
2249 878
2250
2250 351
2250 879
2251
2251 23
2251 265
2252
2252 34
2252 594
2253
2253 26
2253 417
2254
2254 136
2254 232
2255
2255 46
2255 386
2256
2256 207
2256 265
2257
2257 338
2257 482
2258
2258 261
2258 849
2259
2259 70
2259 710
2260
2260 880
2260 881
2261
2261 136
2261 359
2262
2262 246
2262 712
2263
2263 207
2263 499
2264
2264 143
2264 231
2265
2265 104
2265 139
2266
2266 245
2266 293
2267
2267 108
2267 143
2268
2268 42
2268 486
2269
2269 180
2269 539
2270
2270 180
2270 594
2271
2271 74
2271 360
2272
2272 334
2272 882
2273
2273 23
2273 744
2274
2274 76
2274 529
2275
2275 286
2275 421
2276
2276 34
2276 539
2277
2277 36
2277 41
2278
2278 6
2278 419
2279
2279 86
2279 748
2280
2280 48
2280 153
2281
2281 64
2281 258
2282
2282 217
2282 713
2283
2283 106
2283 442
2284
2284 136
2284 682
2285
2285 571
2285 649
2286
2286 7
2286 438
2287
2287 107
2287 728
2288
2288 159
2288 202
2289
2289 150
2289 385
2290
2290 64
2290 372
2291
2291 645
2291 850
2292
2292 830
2292 883
2293
2293 1
2293 193
2294
2294 135
2294 161
2295
2295 114
2295 349
2296
2296 437
2296 744
2297
2297 548
2297 615
2298
2298 44
2298 60
2299
2299 554
2299 579
2300
2300 125
2300 390
2301
2301 99
2301 149
2302
2302 349
2302 697
2303
2303 265
2303 464
2304
2304 252
2304 709
2305
2305 173
2305 246
2306
2306 112
2306 339
2307
2307 286
2307 807
2308
2308 220
2308 809
2309
2309 86
2309 202
2310
2310 96
2310 232
2311
2311 104
2311 424
2312
2312 493
2312 710
2313
2313 220
2313 262
2314
2314 424
2314 633
2315
2315 180
2315 206
2316
2316 199
2316 499
2317
2317 2
2317 840
2318
2318 10
2318 384
2319
2319 576
2319 776
2320
2320 268
2320 365
2321
2321 240
2321 316
2322
2322 687
2322 728
2323
2323 1
2323 453
2324
2324 22
2324 23
2325
2325 113
2325 651
2326
2326 220
2326 366
2327
2327 384
2327 468
2328
2328 74
2328 111
2329
2329 238
2329 884
2330
2330 42
2330 75
2331
2331 66
2331 649
2332
2332 38
2332 511
2333
2333 512
2333 688
2334
2334 18
2334 489
2335
2335 254
2335 687
2336
2336 143
2336 545
2337
2337 364
2337 560
2338
2338 7
2338 885
2339
2339 154
2339 173
2340
2340 861
2340 886
2341
2341 53
2341 480
2342
2342 180
2342 776
2343
2343 665
2343 822
2344
2344 171
2344 365
2345
2345 307
2345 514
2346
2346 207
2346 221
2347
2347 2
2347 231
2348
2348 118
2348 479
2349
2349 226
2349 504
2350
2350 23
2350 691
2351
2351 135
2351 875
2352
2352 27
2352 238
2353
2353 180
2353 709
2354
2354 32
2354 34
2355
2355 516
2355 552
2356
2356 62
2356 149
2357
2357 18
2357 786
2358
2358 107
2358 359
2359
2359 384
2359 667
2360
2360 50
2360 424
2361
2361 155
2361 257
2362
2362 628
2362 887
2363
2363 166
2363 444
2364
2364 81
2364 234
2365
2365 2
2365 513
2366
2366 322
2366 671
2367
2367 173
2367 719
2368
2368 387
2368 678
2369
2369 28
2369 701
2370
2370 96
2370 587
2371
2371 64
2371 262
2372
2372 34
2372 709
2373
2373 211
2373 338
2374
2374 94
2374 351
2375
2375 34
2375 436
2376
2376 71
2376 211
2377
2377 344
2377 587
2378
2378 454
2378 492
2379
2379 44
2379 137
2380
2380 344
2380 888
2381
2381 34
2381 596
2382
2382 106
2382 166
2383
2383 86
2383 494
2384
2384 249
2384 695
2385
2385 240
2385 431
2386
2386 26
2386 223
2387
2387 437
2387 532
2388
2388 84
2388 404
2389
2389 32
2389 136
2390
2390 115
2390 491
2391
2391 591
2391 716
2392
2392 376
2392 473
2393
2393 136
2393 408
2394
2394 223
2394 809
2395
2395 48
2395 499
2396
2396 338
2396 599
2397
2397 23
2397 582
2398
2398 346
2398 373
2399
2399 96
2399 139
2400
2400 101
2400 386
2401
2401 197
2401 450
2402
2402 59
2402 181
2403
2403 139
2403 626
2404
2404 14
2404 98
2405
2405 88
2405 149
2406
2406 30
2406 369
2407
2407 246
2407 571
2408
2408 156
2408 475
2409
2409 173
2409 889
2410
2410 204
2410 736
2411
2411 173
2411 890
2412
2412 12
2412 748
2413
2413 120
2413 708
2414
2414 113
2414 492
2415
2415 826
2415 840
2416
2416 376
2416 884
2417
2417 530
2417 537
2418
2418 262
2418 304
2419
2419 787
2419 844
2420
2420 133
2420 183
2421
2421 173
2421 389
2422
2422 139
2422 170
2423
2423 53
2423 286
2424
2424 410
2424 587
2425
2425 104
2425 428
2426
2426 238
2426 706
2427
2427 139
2427 230
2428
2428 166
2428 216
2429
2429 609
2429 640
2430
2430 547
2430 852
2431
2431 111
2431 715
2432
2432 571
2432 891
2433
2433 74
2433 136
2434
2434 50
2434 186
2435
2435 596
2435 892
2436
2436 337
2436 406
2437
2437 27
2437 223
2438
2438 547
2438 615
2439
2439 99
2439 599
2440
2440 44
2440 452
2441
2441 190
2441 415
2442
2442 524
2442 769
2443
2443 34
2443 893
2444
2444 215
2444 671
2445
2445 229
2445 274
2446
2446 250
2446 614
2447
2447 41
2447 211
2448
2448 562
2448 616
2449
2449 440
2449 835
2450
2450 150
2450 682
2451
2451 57
2451 498
2452
2452 548
2452 581
2453
2453 285
2453 558
2454
2454 21
2454 499
2455
2455 139
2455 441
2456
2456 23
2456 894
2457
2457 187
2457 427
2458
2458 102
2458 136
2459
2459 88
2459 895
2460
2460 56
2460 475
2461
2461 488
2461 552
2462
2462 306
2462 832
2463
2463 1
2463 23
2464
2464 20
2464 524
2465
2465 99
2465 334
2466
2466 168
2466 674
2467
2467 135
2467 644
2468
2468 350
2468 502
2469
2469 50
2469 257
2470
2470 450
2470 824
2471
2471 3
2471 135
2472
2472 595
2472 678
2473
2473 264
2473 443
2474
2474 573
2474 896
2475
2475 3
2475 44
2476
2476 36
2476 318
2477
2477 149
2477 307
2478
2478 166
2478 211
2479
2479 41
2479 138
2480
2480 48
2480 719
2481
2481 168
2481 861
2482
2482 34
2482 285
2483
2483 232
2483 729
2484
2484 123
2484 229
2485
2485 419
2485 563
2486
2486 283
2486 414
2487
2487 355
2487 443
2488
2488 74
2488 182
2489
2489 74
2489 294
2490
2490 564
2490 576
2491
2491 58
2491 400
2492
2492 41
2492 273
2493
2493 50
2493 113
2494
2494 335
2494 825
2495
2495 486
2495 505
2496
2496 198
2496 897
2497
2497 441
2497 881
2498
2498 397
2498 434
2499
2499 715
2499 897
2500
2500 32
2500 345
2501
2501 285
2501 397
2502
2502 629
2502 865
2503
2503 55
2503 494
2504
2504 33
2504 219
2505
2505 378
2505 785
2506
2506 337
2506 810
2507
2507 700
2507 897
2508
2508 431
2508 623
2509
2509 556
2509 748
2510
2510 66
2510 139
2511
2511 117
2511 525
2512
2512 792
2512 898
2513
2513 75
2513 505
2514
2514 223
2514 244
2515
2515 94
2515 378
2516
2516 285
2516 493
2517
2517 152
2517 257
2518
2518 72
2518 501
2519
2519 65
2519 476
2520
2520 569
2520 747
2521
2521 44
2521 208
2522
2522 491
2522 899
2523
2523 279
2523 398
2524
2524 115
2524 143
2525
2525 227
2525 327
2526
2526 149
2526 189
2527
2527 207
2527 635
2528
2528 180
2528 459
2529
2529 80
2529 145
2530
2530 418
2530 530
2531
2531 12
2531 67
2532
2532 117
2532 284
2533
2533 68
2533 673
2534
2534 77
2534 538
2535
2535 547
2535 783
2536
2536 138
2536 743
2537
2537 207
2537 281
2538
2538 419
2538 597
2539
2539 40
2539 357
2540
2540 166
2540 791
2541
2541 85
2541 843
2542
2542 203
2542 900
2543
2543 385
2543 669
2544
2544 98
2544 221
2545
2545 595
2545 698
2546
2546 103
2546 729
2547
2547 94
2547 205
2548
2548 10
2548 76
2549
2549 2
2549 138
2550
2550 115
2550 437
2551
2551 135
2551 494
2552
2552 50
2552 144
2553
2553 130
2553 426
2554
2554 137
2554 395
2555
2555 117
2555 157
2556
2556 94
2556 350
2557
2557 363
2557 901
2558
2558 130
2558 156
2559
2559 100
2559 106
2560
2560 166
2560 547
2561
2561 93
2561 569
2562
2562 158
2562 384
2563
2563 198
2563 739
2564
2564 32
2564 318
2565
2565 50
2565 251
2566
2566 112
2566 571
2567
2567 157
2567 454
2568
2568 490
2568 531
2569
2569 118
2569 622
2570
2570 279
2570 671
2571
2571 585
2571 898
2572
2572 86
2572 694
2573
2573 174
2573 388
2574
2574 346
2574 902
2575
2575 23
2575 534
2576
2576 23
2576 277
2577
2577 74
2577 344
2578
2578 26
2578 202
2579
2579 18
2579 791
2580
2580 645
2580 650
2581
2581 10
2581 556
2582
2582 153
2582 458
2583
2583 28
2583 295
2584
2584 236
2584 311
2584 311 236
2585
2585 370
2585 378
2586
2586 701
2586 903
2587
2587 208
2587 357
2588
2588 548
2588 783
2589
2589 2
2589 657
2590
2590 86
2590 571
2591
2591 221
2591 640
2592
2592 393
2592 768
2593
2593 149
2593 179
2594
2594 387
2594 700
2595
2595 23
2595 458
2596
2596 148
2596 747
2597
2597 283
2597 467
2598
2598 279
2598 572
2599
2599 115
2599 393
2600
2600 203
2600 767
2601
2601 203
2601 217
2602
2602 20
2602 94
2603
2603 44
2603 342
2604
2604 251
2604 315
2605
2605 203
2605 525
2606
2606 544
2606 873
2607
2607 514
2607 807
2608
2608 370
2608 770
2609
2609 26
2609 232
2610
2610 442
2610 617
2611
2611 94
2611 701
2612
2612 183
2612 465
2613
2613 586
2613 898
2614
2614 7
2614 904
2615
2615 75
2615 468
2616
2616 208
2616 371
2617
2617 601
2617 775
2618
2618 468
2618 576
2619
2619 41
2619 226
2620
2620 104
2620 140
2621
2621 44
2621 314
2622
2622 230
2622 843
2623
2623 41
2623 379
2624
2624 226
2624 485
2625
2625 147
2625 414
2626
2626 166
2626 337
2627
2627 139
2627 260
2628
2628 312
2628 640
2629
2629 106
2629 811
2630
2630 122
2630 209
2631
2631 223
2631 500
2632
2632 48
2632 710
2633
2633 199
2633 346
2634
2634 139
2634 413
2635
2635 253
2635 691
2636
2636 144
2636 435
2637
2637 141
2637 504
2638
2638 94
2638 785
2639
2639 318
2639 774
2640
2640 426
2640 492
2641
2641 92
2641 341
2642
2642 33
2642 50
2643
2643 446
2643 652
2644
2644 106
2644 338
2645
2645 41
2645 281
2646
2646 85
2646 166
2647
2647 50
2647 202
2648
2648 110
2648 905
2649
2649 96
2649 278
2650
2650 139
2650 204
2651
2651 483
2651 896
2652
2652 208
2652 579
2653
2653 106
2653 289
2654
2654 136
2654 462
2655
2655 24
2655 775
2656
2656 157
2656 906
2657
2657 106
2657 386
2658
2658 134
2658 480
2659
2659 778
2659 824
2660
2660 71
2660 203
2661
2661 170
2661 587
2662
2662 217
2662 222
2663
2663 591
2663 741
2664
2664 792
2664 907
2665
2665 124
2665 357
2666
2666 66
2666 657
2667
2667 203
2667 404
2668
2668 251
2668 614
2669
2669 53
2669 180
2670
2670 125
2670 404
2671
2671 198
2671 370
2672
2672 33
2672 312
2673
2673 167
2673 640
2674
2674 286
2674 314
2675
2675 41
2675 464
2676
2676 194
2676 806
2677
2677 595
2677 604
2678
2678 157
2678 176
2679
2679 266
2679 908
2680
2680 476
2680 620
2681
2681 909
2681 910
2682
2682 594
2682 691
2683
2683 576
2683 911
2684
2684 103
2684 136
2685
2685 112
2685 334
2686
2686 23
2686 912
2687
2687 81
2687 636
2688
2688 96
2688 399
2689
2689 135
2689 551
2690
2690 134
2690 913
2691
2691 476
2691 633
2692
2692 223
2692 499
2693
2693 36
2693 357
2694
2694 65
2694 899
2695
2695 183
2695 194
2696
2696 33
2696 403
2697
2697 444
2697 656
2698
2698 106
2698 295
2699
2699 361
2699 664
2700
2700 217
2700 221
2701
2701 88
2701 94
2702
2702 173
2702 427
2703
2703 108
2703 333
2704
2704 186
2704 435
2705
2705 388
2705 402
2706
2706 263
2706 914
2707
2707 203
2707 221
2708
2708 155
2708 499
2709
2709 186
2709 333
2710
2710 94
2710 532
2711
2711 46
2711 442
2712
2712 50
2712 281
2713
2713 296
2713 387
2714
2714 394
2714 794
2715
2715 94
2715 529
2716
2716 186
2716 772
2717
2717 186
2717 189
2718
2718 318
2718 488
2719
2719 60
2719 459
2720
2720 332
2720 419
2721
2721 3
2721 149
2722
2722 5
2722 670
2723
2723 101
2723 811
2724
2724 23
2724 197
2725
2725 33
2725 171
2726
2726 66
2726 376
2727
2727 349
2727 650
2728
2728 109
2728 122
2729
2729 217
2729 223
2730
2730 3
2730 108
2731
2731 190
2731 435
2732
2732 152
2732 802
2733
2733 227
2733 345
2734
2734 387
2734 595
2735
2735 74
2735 254
2736
2736 173
2736 187
2737
2737 116
2737 122
2738
2738 138
2738 579
2739
2739 195
2739 496
2740
2740 50
2740 226
2741
2741 217
2741 499
2742
2742 355
2742 411
2743
2743 263
2743 915
2744
2744 170
2744 441
2745
2745 706
2745 916
2746
2746 94
2746 683
2747
2747 53
2747 139
2748
2748 149
2748 338
2749
2749 327
2749 536
2750
2750 132
2750 149
2751
2751 85
2751 274
2752
2752 33
2752 651
2753
2753 1
2753 188
2754
2754 239
2754 272
2755
2755 37
2755 917
2756
2756 117
2756 518
2757
2757 23
2757 394
2758
2758 139
2758 382
2759
2759 382
2759 688
2760
2760 26
2760 49
2761
2761 868
2761 918
2762
2762 141
2762 671
2763
2763 115
2763 139
2764
2764 173
2764 919
2765
2765 74
2765 96
2766
2766 42
2766 468
2767
2767 113
2767 312
2768
2768 458
2768 683
2769
2769 18
2769 99
2770
2770 466
2770 834
2771
2771 102
2771 344
2772
2772 2
2772 141
2773
2773 134
2773 224
2774
2774 426
2774 906
2775
2775 670
2775 842
2776
2776 83
2776 149
2777
2777 23
2777 375
2778
2778 166
2778 525
2779
2779 12
2779 104
2780
2780 207
2780 223
2781
2781 63
2781 86
2782
2782 212
2782 538
2783
2783 74
2783 405
2784
2784 804
2784 920
2785
2785 36
2785 516
2786
2786 385
2786 682
2787
2787 27
2787 503
2788
2788 531
2788 859
2789
2789 547
2789 683
2790
2790 474
2790 642
2791
2791 63
2791 495
2792
2792 52
2792 115
2793
2793 86
2793 334
2794
2794 467
2794 629
2795
2795 86
2795 628
2796
2796 26
2796 48
2797
2797 295
2797 700
2798
2798 431
2798 881
2799
2799 411
2799 495
2800
2800 84
2800 682
2801
2801 545
2801 664
2802
2802 161
2802 307
2803
2803 108
2803 882
2804
2804 94
2804 921
2805
2805 7
2805 725
2806
2806 441
2806 456
2807
2807 294
2807 306
2808
2808 59
2808 63
2809
2809 82
2809 384
2810
2810 176
2810 426
2811
2811 100
2811 743
2812
2812 50
2812 266
2813
2813 87
2813 254
2814
2814 114
2814 125
2815
2815 85
2815 359
2816
2816 68
2816 268
2817
2817 210
2817 640
2818
2818 208
2818 551
2819
2819 207
2819 378
2820
2820 44
2820 64
2821
2821 6
2821 448
2822
2822 92
2822 237
2823
2823 356
2823 847
2824
2824 308
2824 474
2825
2825 108
2825 498
2826
2826 115
2826 922
2827
2827 83
2827 468
2828
2828 80
2828 116
2829
2829 7
2829 894
2830
2830 6
2830 418
2831
2831 118
2831 251
2832
2832 80
2832 361
2833
2833 162
2833 168
2834
2834 9
2834 68
2835
2835 261
2835 622
2836
2836 266
2836 683
2837
2837 147
2837 455
2838
2838 139
2838 437
2839
2839 106
2839 713
2840
2840 67
2840 104
2841
2841 453
2841 671
2842
2842 37
2842 284
2843
2843 42
2843 83
2844
2844 86
2844 753
2845
2845 103
2845 306
2846
2846 202
2846 224
2847
2847 227
2847 230
2848
2848 94
2848 389
2849
2849 466
2849 670
2850
2850 34
2850 53
2851
2851 202
2851 630
2852
2852 141
2852 346
2853
2853 186
2853 403
2854
2854 202
2854 415
2855
2855 82
2855 275
2856
2856 68
2856 667
2857
2857 508
2857 708
2858
2858 370
2858 614
2859
2859 232
2859 412
2860
2860 23
2860 833
2861
2861 33
2861 436
2862
2862 408
2862 501
2863
2863 694
2863 923
2864
2864 284
2864 426
2865
2865 115
2865 626
2866
2866 166
2866 220
2867
2867 387
2867 811
2868
2868 648
2868 763
2869
2869 468
2869 505
2870
2870 230
2870 482
2871
2871 104
2871 825
2872
2872 92
2872 303
2873
2873 574
2873 779
2874
2874 557
2874 592
2875
2875 485
2875 811
2876
2876 62
2876 238
2877
2877 63
2877 400
2878
2878 3
2878 53
2879
2879 104
2879 134
2879 134 104
2880
2880 186
2880 385
2881
2881 131
2881 235
2882
2882 236
2882 587
2883
2883 520
2883 759
2884
2884 373
2884 493
2885
2885 143
2885 152
2886
2886 315
2886 924
2887
2887 316
2887 355
2888
2888 104
2888 571
2889
2889 79
2889 651
2890
2890 173
2890 215
2891
2891 86
2891 201
2892
2892 175
2892 772
2893
2893 76
2893 81
2894
2894 132
2894 349
2895
2895 136
2895 399
2896
2896 97
2896 657
2897
2897 201
2897 263
2898
2898 56
2898 403
2899
2899 182
2899 435
2900
2900 207
2900 476
2901
2901 113
2901 607
2902
2902 274
2902 344
2903
2903 349
2903 925
2904
2904 50
2904 688
2905
2905 557
2905 917
2906
2906 113
2906 158
2907
2907 139
2907 417
2908
2908 137
2908 888
2909
2909 508
2909 926
2910
2910 34
2910 404
2911
2911 134
2911 927
2912
2912 75
2912 86
2913
2913 259
2913 641
2914
2914 261
2914 574
2915
2915 339
2915 472
2916
2916 365
2916 928
2917
2917 180
2917 644
2918
2918 42
2918 388
2919
2919 41
2919 251
2920
2920 182
2920 378
2921
2921 251
2921 475
2922
2922 3
2922 181
2923
2923 35
2923 297
2924
2924 135
2924 449
2925
2925 467
2925 605
2926
2926 44
2926 370
2927
2927 527
2927 929
2928
2928 150
2928 587
2929
2929 33
2929 384
2930
2930 111
2930 412
2931
2931 136
2931 888
2932
2932 198
2932 862
2933
2933 132
2933 186
2934
2934 131
2934 492
2935
2935 147
2935 235
2936
2936 170
2936 666
2937
2937 50
2937 208
2938
2938 1
2938 189
2939
2939 94
2939 366
2940
2940 52
2940 202
2941
2941 364
2941 930
2942
2942 64
2942 594
2943
2943 303
2943 873
2944
2944 418
2944 560
2945
2945 67
2945 281
2946
2946 139
2946 175
2947
2947 204
2947 540
2948
2948 263
2948 358
2949
2949 170
2949 230
2950
2950 95
2950 186
2951
2951 44
2951 487
2952
2952 305
2952 343
2953
2953 615
2953 852
2954
2954 461
2954 517
2955
2955 107
2955 111
2956
2956 7
2956 869
2957
2957 36
2957 475
2958
2958 48
2958 517
2959
2959 202
2959 262
2960
2960 94
2960 633
2961
2961 579
2961 774
2962
2962 587
2962 682
2963
2963 315
2963 794
2964
2964 242
2964 301
2965
2965 251
2965 428
2966
2966 220
2966 338
2967
2967 20
2967 785
2968
2968 134
2968 436
2969
2969 131
2969 426
2969 426 131
2970
2970 106
2970 750
2971
2971 86
2971 309
2972
2972 408
2972 564
2973
2973 304
2973 343
2974
2974 414
2974 467
2975
2975 758
2975 767
2976
2976 356
2976 367
2976 367 356
2977
2977 122
2977 342
2978
2978 106
2978 447
2979
2979 139
2979 554
2980
2980 94
2980 112
2981
2981 55
2981 351
2982
2982 261
2982 931
2983
2983 86
2983 924
2984
2984 70
2984 265
2985
2985 428
2985 835
2986
2986 186
2986 232
2987
2987 130
2987 177
2988
2988 399
2988 587
2989
2989 112
2989 220
2990
2990 26
2990 503
2991
2991 74
2991 399
2992
2992 96
2992 202
2993
2993 2
2993 18
2994
2994 162
2994 173
2995
2995 476
2995 932
2996
2996 455
2996 906
2997
2997 74
2997 236
2998
2998 345
2998 462
2999
2999 661
2999 933
3000
3000 71
3000 138
3001
3001 125
3001 264
3002
3002 186
3002 882
3003
3003 86
3003 249
3004
3004 46
3004 70
3005
3005 81
3005 122
3006
3006 147
3006 156
3007
3007 33
3007 338
3008
3008 149
3008 651
3009
3009 222
3009 646
3010
3010 32
3010 227
3011
3011 498
3011 692
3012
3012 208
3012 338
3013
3013 23
3013 756
3014
3014 149
3014 366
3015
3015 173
3015 934
3016
3016 211
3016 378
3017
3017 106
3017 874
3018
3018 36
3018 463
3019
3019 737
3019 935
3020
3020 241
3020 301
3021
3021 148
3021 380
3022
3022 180
3022 275
3023
3023 150
3023 278
3024
3024 236
3024 412
3025
3025 177
3025 906
3026
3026 33
3026 41
3027
3027 114
3027 339
3028
3028 900
3028 936
3029
3029 138
3029 404
3030
3030 123
3030 516
3031
3031 135
3031 913
3032
3032 10
3032 135
3033
3033 203
3033 378
3034
3034 186
3034 712
3035
3035 156
3035 283
3036
3036 42
3036 529
3037
3037 10
3037 365
3038
3038 145
3038 324
3039
3039 85
3039 723
3040
3040 238
3040 473
3041
3041 149
3041 256
3042
3042 68
3042 83
3043
3043 226
3043 338
3044
3044 249
3044 444
3045
3045 10
3045 286
3046
3046 95
3046 106
3047
3047 244
3047 397
3048
3048 86
3048 446
3049
3049 236
3049 254
3050
3050 222
3050 263
3051
3051 28
3051 895
3052
3052 195
3052 799
3053
3053 226
3053 378
3054
3054 99
3054 216
3055
3055 415
3055 501
3056
3056 223
3056 558
3057
3057 182
3057 312
3058
3058 10
3058 378
3059
3059 145
3059 542
3060
3060 208
3060 475
3061
3061 824
3061 937
3062
3062 147
3062 492
3063
3063 86
3063 389
3064
3064 441
3064 938
3065
3065 173
3065 362
3066
3066 148
3066 569
3067
3067 81
3067 791
3068
3068 411
3068 494
3069
3069 100
3069 485
3070
3070 198
3070 794
3071
3071 123
3071 150
3072
3072 226
3072 228
3073
3073 185
3073 261
3074
3074 180
3074 913
3075
3075 13
3075 565
3076
3076 599
3076 630
3077
3077 233
3077 494
3078
3078 74
3078 306
3079
3079 3
3079 610
3080
3080 67
3080 393
3081
3081 44
3081 384
3082
3082 20
3082 115
3083
3083 373
3083 655
3084
3084 504
3084 939
3085
3085 275
3085 554
3086
3086 304
3086 378
3087
3087 571
3087 893
3088
3088 104
3088 182
3089
3089 7
3089 911
3090
3090 48
3090 662
3091
3091 107
3091 254
3092
3092 104
3092 226
3093
3093 33
3093 790
3094
3094 141
3094 225
3095
3095 41
3095 280
3096
3096 102
3096 232
3097
3097 254
3097 463
3098
3098 503
3098 809
3099
3099 48
3099 397
3100
3100 34
3100 913
3101
3101 104
3101 733
3102
3102 190
3102 501
3103
3103 81
3103 209
3104
3104 488
3104 561
3105
3105 27
3105 809
3106
3106 186
3106 519
3107
3107 341
3107 557
3108
3108 322
3108 346
3109
3109 277
3109 652
3110
3110 149
3110 507
3111
3111 81
3111 108
3112
3112 92
3112 340
3113
3113 398
3113 672
3114
3114 266
3114 361
3115
3115 120
3115 574
3116
3116 42
3116 171
3117
3117 220
3117 404
3118
3118 121
3118 167
3119
3119 250
3119 370
3120
3120 940
3120 941
3121
3121 149
3121 472
3122
3122 175
3122 403
3123
3123 183
3123 716
3124
3124 197
3124 541
3125
3125 146
3125 239
3126
3126 153
3126 285
3127
3127 40
3127 802
3128
3128 74
3128 311
3129
3129 479
3129 614
3130
3130 99
3130 350
3131
3131 6
3131 527
3132
3132 310
3132 611
3133
3133 102
3133 236
3134
3134 739
3134 804
3135
3135 66
3135 236
3136
3136 155
3136 221
3137
3137 111
3137 728
3138
3138 50
3138 337
3139
3139 64
3139 709
3140
3140 176
3140 235
3141
3141 50
3141 334
3142
3142 110
3142 668
3143
3143 56
3143 626
3144
3144 137
3144 287
3145
3145 194
3145 510
3146
3146 109
3146 326
3147
3147 90
3147 518
3148
3148 86
3148 288
3149
3149 124
3149 491
3150
3150 68
3150 76
3151
3151 108
3151 403
3152
3152 135
3152 271
3153
3153 166
3153 317
3154
3154 232
3154 495
3155
3155 366
3155 699
3156
3156 295
3156 721
3157
3157 51
3157 935
3158
3158 805
3158 942
3159
3159 102
3159 729
3160
3160 359
3160 801
3161
3161 251
3161 770
3162
3162 10
3162 171
3163
3163 106
3163 358
3164
3164 171
3164 460
3165
3165 198
3165 250
3166
3166 34
3166 875
3167
3167 111
3167 687
3168
3168 9
3168 135
3169
3169 66
3169 170
3170
3170 101
3170 518
3171
3171 238
3171 366
3172
3172 280
3172 511
3173
3173 34
3173 742
3174
3174 616
3174 783
3175
3175 361
3175 791
3176
3176 574
3176 725
3177
3177 361
3177 545
3178
3178 145
3178 353
3179
3179 108
3179 112
3180
3180 147
3180 283
3181
3181 42
3181 384
3182
3182 229
3182 278
3183
3183 85
3183 87
3184
3184 132
3184 276
3185
3185 513
3185 840
3186
3186 15
3186 738
3187
3187 351
3187 791
3188
3188 236
3188 355
3189
3189 41
3189 207
3190
3190 125
3190 155
3191
3191 251
3191 479
3192
3192 332
3192 943
3193
3193 116
3193 206
3194
3194 268
3194 335
3195
3195 547
3195 562
3196
3196 301
3196 378
3197
3197 65
3197 156
3198
3198 221
3198 222
3199
3199 141
3199 246
3200
3200 236
3200 944
3201
3201 48
3201 713
3202
3202 28
3202 903
3203
3203 99
3203 175
3204
3204 109
3204 115
3205
3205 57
3205 626
3206
3206 113
3206 166
3207
3207 384
3207 945
3208
3208 180
3208 436
3209
3209 214
3209 623
3210
3210 136
3210 306
3211
3211 76
3211 408
3212
3212 593
3212 653
3213
3213 561
3213 671
3214
3214 106
3214 721
3215
3215 194
3215 668
3216
3216 23
3216 226
3217
3217 44
3217 158
3218
3218 98
3218 202
3219
3219 231
3219 512
3220
3220 378
3220 946
3221
3221 135
3221 411
3222
3222 148
3222 672
3223
3223 164
3223 536
3224
3224 99
3224 947
3225
3225 347
3225 806
3226
3226 345
3226 948
3227
3227 250
3227 315
3228
3228 73
3228 202
3229
3229 587
3229 944
3230
3230 53
3230 287
3231
3231 278
3231 463
3232
3232 62
3232 232
3233
3233 67
3233 237
3234
3234 351
3234 403
3235
3235 96
3235 102
3236
3236 40
3236 633
3237
3237 92
3237 532
3238
3238 23
3238 281
3239
3239 115
3239 392
3240
3240 174
3240 325
3241
3241 186
3241 940
3242
3242 175
3242 360
3243
3243 562
3243 852
3244
3244 224
3244 442
3245
3245 571
3245 643
3246
3246 81
3246 109
3247
3247 67
3247 392
3248
3248 173
3248 657
3249
3249 387
3249 874
3250
3250 99
3250 369
3251
3251 227
3251 318
3252
3252 44
3252 176
3253
3253 80
3253 113
3254
3254 525
3254 702
3255
3255 207
3255 211
3256
3256 186
3256 949
3257
3257 174
3257 421
3258
3258 323
3258 767
3259
3259 294
3259 355
3260
3260 357
3260 476
3261
3261 653
3261 828
3262
3262 53
3262 342
3263
3263 44
3263 82
3263 82 44
3264
3264 477
3264 629
3265
3265 186
3265 294
3266
3266 10
3266 480
3267
3267 166
3267 175
3268
3268 142
3268 173
3269
3269 111
3269 344
3270
3270 324
3270 718
3271
3271 136
3271 774
3272
3272 370
3272 622
3273
3273 41
3273 106
3274
3274 577
3274 950
3275
3275 410
3275 672
3276
3276 446
3276 897
3277
3277 245
3277 467
3278
3278 99
3278 205
3279
3279 223
3279 503
3279 503 223
3280
3280 4
3280 734
3281
3281 232
3281 286
3282
3282 108
3282 735
3283
3283 58
3283 63
3284
3284 345
3284 552
3285
3285 104
3285 223
3286
3286 242
3286 302
3287
3287 346
3287 951
3288
3288 1
3288 427
3289
3289 334
3289 880
3290
3290 262
3290 266
3291
3291 46
3291 866
3292
3292 207
3292 809
3293
3293 186
3293 376
3294
3294 46
3294 518
3295
3295 99
3295 304
3296
3296 31
3296 349
3297
3297 386
3297 525
3298
3298 414
3298 569
3299
3299 92
3299 392
3300
3300 466
3300 497
3301
3301 301
3301 821
3302
3302 115
3302 138
3303
3303 467
3303 514
3304
3304 2
3304 561
3305
3305 82
3305 290
3306
3306 241
3306 302
3307
3307 952
3307 953
3308
3308 229
3308 345
3309
3309 787
3309 954
3310
3310 10
3310 79
3311
3311 115
3311 579
3312
3312 124
3312 318
3313
3313 202
3313 308
3314
3314 173
3314 955
3315
3315 98
3315 646
3316
3316 50
3316 56
3317
3317 371
3317 476
3318
3318 134
3318 275
3319
3319 86
3319 812
3320
3320 199
3320 222
3321
3321 59
3321 494
3322
3322 99
3322 524
3323
3323 180
3323 610
3324
3324 78
3324 249
3325
3325 166
3325 883
3326
3326 175
3326 312
3327
3327 169
3327 293
3328
3328 76
3328 468
3329
3329 522
3329 526
3330
3330 48
3330 500
3331
3331 113
3331 426
3332
3332 117
3332 131
3333
3333 11
3333 571
3334
3334 32
3334 36
3335
3335 150
3335 230
3336
3336 164
3336 327
3337
3337 65
3337 424
3338
3338 7
3338 234
3339
3339 3
3339 85
3340
3340 311
3340 944
3341
3341 99
3341 378
3342
3342 258
3342 346
3343
3343 217
3343 373
3344
3344 113
3344 131
3345
3345 186
3345 817
3346
3346 238
3346 404
3347
3347 261
3347 719
3348
3348 791
3348 892
3349
3349 141
3349 561
3350
3350 661
3350 956
3351
3351 121
3351 339
3352
3352 147
3352 454
3353
3353 346
3353 389
3354
3354 254
3354 410
3355
3355 276
3355 694
3356
3356 107
3356 278
3357
3357 86
3357 235
3358
3358 48
3358 217
3359
3359 81
3359 324
3360
3360 104
3360 520
3361
3361 118
3361 393
3362
3362 117
3362 604
3363
3363 207
3363 713
3364
3364 668
3364 806
3365
3365 346
3365 561
3366
3366 470
3366 518
3367
3367 77
3367 213
3368
3368 123
3368 473
3369
3369 573
3369 643
3370
3370 9
3370 137
3371
3371 250
3371 717
3372
3372 135
3372 261
3373
3373 147
3373 176
3374
3374 94
3374 404
3375
3375 315
3375 770
3376
3376 364
3376 670
3377
3377 253
3377 376
3378
3378 326
3378 493
3379
3379 227
3379 552
3380
3380 97
3380 186
3381
3381 34
3381 176
3382
3382 123
3382 344
3383
3383 190
3383 896
3384
3384 176
3384 283
3385
3385 616
3385 852
3386
3386 118
3386 265
3387
3387 107
3387 274
3388
3388 14
3388 957
3389
3389 50
3389 194
3390
3390 71
3390 626
3391
3391 232
3391 399
3392
3392 349
3392 579
3393
3393 545
3393 791
3394
3394 337
3394 819
3395
3395 189
3395 284
3396
3396 135
3396 709
3397
3397 315
3397 370
3398
3398 67
3398 341
3399
3399 102
3399 399
3400
3400 499
3400 713
3401
3401 183
3401 195
3402
3402 251
3402 357
3403
3403 106
3403 366
3404
3404 107
3404 687
3405
3405 380
3405 873
3406
3406 356
3406 958
3407
3407 189
3407 382
3408
3408 33
3408 576
3409
3409 270
3409 518
3410
3410 476
3410 565
3411
3411 177
3411 695
3412
3412 34
3412 208
3413
3413 125
3413 366
3414
3414 64
3414 727
3415
3415 499
3415 503
3416
3416 446
3416 959
3417
3417 34
3417 554
3418
3418 77
3418 522
3419
3419 551
3419 802
3420
3420 661
3420 960
3421
3421 346
3421 671
3422
3422 3
3422 216
3423
3423 198
3423 719
3424
3424 34
3424 181
3425
3425 211
3425 366
3426
3426 138
3426 139
3427
3427 831
3427 834
3428
3428 34
3428 352
3429
3429 410
3429 682
3430
3430 173
3430 188
3431
3431 106
3431 916
3432
3432 106
3432 698
3433
3433 104
3433 207
3434
3434 570
3434 609
3435
3435 385
3435 463
3436
3436 103
3436 657
3437
3437 348
3437 668
3438
3438 130
3438 454
3439
3439 220
3439 430
3440
3440 144
3440 479
3441
3441 233
3441 411
3442
3442 274
3442 278
3443
3443 1
3443 513
3444
3444 139
3444 368
3445
3445 393
3445 708
3446
3446 113
3446 405
3447
3447 171
3447 523
3448
3448 125
3448 338
3449
3449 544
3449 961
3450
3450 114
3450 337
3451
3451 151
3451 175
3452
3452 138
3452 810
3453
3453 134
3453 395
3454
3454 123
3454 723
3455
3455 104
3455 125
3456
3456 106
3456 595
3457
3457 50
3457 506
3458
3458 273
3458 571
3459
3459 225
3459 597
3460
3460 93
3460 747
3461
3461 23
3461 544
3462
3462 74
3462 107
3463
3463 338
3463 643
3464
3464 68
3464 158
3465
3465 141
3465 322
3466
3466 274
3466 359
3467
3467 571
3467 744
3468
3468 267
3468 595
3469
3469 700
3469 903
3470
3470 406
3470 810
3471
3471 2
3471 629
3472
3472 82
3472 551
3473
3473 74
3473 230
3474
3474 18
3474 98
3475
3475 81
3475 452
3476
3476 711
3476 763
3477
3477 674
3477 962
3478
3478 303
3478 392
3479
3479 194
3479 320
3480
3480 95
3480 315
3481
3481 217
3481 503
3482
3482 220
3482 732
3483
3483 227
3483 963
3484
3484 84
3484 579
3485
3485 562
3485 783
3486
3486 112
3486 441
3487
3487 113
3487 457
3488
3488 380
3488 536
3489
3489 191
3489 304
3490
3490 134
3490 723
3491
3491 23
3491 300
3492
3492 86
3492 908
3493
3493 156
3493 491
3494
3494 466
3494 815
3495
3495 64
3495 913
3496
3496 94
3496 221
3497
3497 265
3497 386
3498
3498 281
3498 736
3499
3499 232
3499 344
3500
3500 33
3500 583
3501
3501 14
3501 104
3502
3502 138
3502 155
3503
3503 118
3503 723
3504
3504 273
3504 378
3505
3505 53
3505 498
3506
3506 211
3506 640
3507
3507 99
3507 640
3508
3508 221
3508 257
3509
3509 465
3509 964
3510
3510 199
3510 803
3511
3511 86
3511 104
3512
3512 110
3512 806
3513
3513 135
3513 742
3514
3514 403
3514 545
3515
3515 32
3515 452
3516
3516 295
3516 617
3517
3517 170
3517 338
3518
3518 33
3518 435
3519
3519 544
3519 965
3520
3520 942
3520 966
3521
3521 27
3521 517
3522
3522 16
3522 738
3523
3523 512
3523 640
3524
3524 123
3524 294
3525
3525 515
3525 716
3526
3526 50
3526 640
3527
3527 146
3527 272
3528
3528 59
3528 411
3529
3529 226
3529 404
3530
3530 121
3530 186
3531
3531 337
3531 522
3532
3532 74
3532 278
3533
3533 288
3533 485
3534
3534 136
3534 197
3535
3535 194
3535 273
3536
3536 99
3536 525
3537
3537 3
3537 539
3538
3538 182
3538 257
3539
3539 654
3539 801
3540
3540 33
3540 76
3541
3541 356
3541 574
3542
3542 116
3542 234
3543
3543 173
3543 771
3544
3544 455
3544 597
3545
3545 386
3545 518
3546
3546 147
3546 426
3547
3547 219
3547 468
3548
3548 32
3548 37
3549
3549 222
3549 499
3550
3550 136
3550 488
3551
3551 301
3551 679
3552
3552 520
3552 834
3553
3553 139
3553 149
3554
3554 64
3554 189
3555
3555 36
3555 722
3556
3556 131
3556 284
3557
3557 105
3557 571
3558
3558 227
3558 278
3559
3559 128
3559 670
3560
3560 338
3560 772
3561
3561 947
3561 967
3562
3562 94
3562 697
3563
3563 82
3563 365
3564
3564 42
3564 219
3565
3565 411
3565 433
3566
3566 374
3566 534
3567
3567 224
3567 589
3568
3568 173
3568 189
3569
3569 33
3569 42
3570
3570 117
3570 265
3571
3571 170
3571 278
3572
3572 136
3572 319
3573
3573 66
3573 232
3574
3574 82
3574 388
3575
3575 134
3575 875
3576
3576 7
3576 543
3577
3577 21
3577 968
3578
3578 76
3578 122
3579
3579 14
3579 691
3580
3580 59
3580 388
3581
3581 483
3581 573
3582
3582 643
3582 680
3583
3583 7
3583 47
3584
3584 465
3584 935
3585
3585 422
3585 433
3586
3586 738
3586 894
3587
3587 136
3587 238
3588
3588 135
3588 275
3589
3589 102
3589 376
3590
3590 27
3590 217
3591
3591 108
3591 209
3592
3592 477
3592 628
3593
3593 73
3593 501
3594
3594 138
3594 224
3595
3595 36
3595 351
3596
3596 504
3596 597
3597
3597 557
3597 582
3598
3598 3
3598 551
3599
3599 574
3599 847
3600
3600 70
3600 486
3601
3601 308
3601 969
3602
3602 44
3602 286
3603
3603 42
3603 365
3604
3604 448
3604 530
3605
3605 208
3605 633
3606
3606 200
3606 556
3607
3607 41
3607 424
3608
3608 629
3608 653
3609
3609 235
3609 455
3610
3610 224
3610 246
3611
3611 284
3611 414
3612
3612 380
3612 833
3613
3613 157
3613 426
3613 426 157
3614
3614 173
3614 514
3615
3615 179
3615 332
3616
3616 130
3616 176
3617
3617 5
3617 560
3618
3618 108
3618 282
3619
3619 227
3619 344
3620
3620 156
3620 357
3621
3621 74
3621 385
3622
3622 167
3622 295
3623
3623 841
3623 951
3624
3624 207
3624 346
3625
3625 659
3625 970
3626
3626 74
3626 944
3627
3627 137
3627 275
3628
3628 318
3628 722
3629
3629 219
3629 243
3630
3630 112
3630 643
3631
3631 71
3631 223
3632
3632 300
3632 611
3633
3633 664
3633 791
3634
3634 24
3634 631
3635
3635 124
3635 230
3636
3636 678
3636 721
3637
3637 465
3637 591
3638
3638 173
3638 346
3639
3639 175
3639 947
3640
3640 104
3640 266
3641
3641 86
3641 453
3642
3642 54
3642 59
3643
3643 421
3643 912
3644
3644 94
3644 139
3645
3645 296
3645 617
3646
3646 547
3646 616
3647
3647 134
3647 206
3648
3648 261
3648 356
3649
3649 251
3649 370
3650
3650 31
3650 369
3651
3651 19
3651 243
3652
3652 113
3652 291
3653
3653 73
3653 415
3654
3654 580
3654 964
3655
3655 705
3655 971
3656
3656 115
3656 413
3657
3657 232
3657 405
3658
3658 479
3658 770
3659
3659 94
3659 435
3660
3660 279
3660 599
3661
3661 473
3661 687
3662
3662 682
3662 972
3663
3663 346
3663 656
3664
3664 123
3664 274
3665
3665 173
3665 973
3666
3666 100
3666 604
3667
3667 133
3667 645
3668
3668 66
3668 102
3669
3669 164
3669 873
3670
3670 146
3670 240
3671
3671 236
3671 309
3672
3672 331
3672 418
3673
3673 44
3673 460
3674
3674 280
3674 736
3675
3675 124
3675 516
3676
3676 80
3676 791
3677
3677 886
3677 974
3678
3678 261
3678 975
3679
3679 44
3679 180
3680
3680 40
3680 50
3681
3681 700
3681 976
3682
3682 191
3682 305
3683
3683 254
3683 344
3684
3684 50
3684 818
3685
3685 279
3685 346
3686
3686 503
3686 517
3687
3687 153
3687 346
3688
3688 10
3688 564
3689
3689 160
3689 776
3690
3690 114
3690 203
3691
3691 1
3691 604
3692
3692 266
3692 366
3693
3693 88
3693 269
3694
3694 86
3694 435
3695
3695 75
3695 366
3696
3696 393
3696 977
3697
3697 96
3697 306
3698
3698 232
3698 284
3699
3699 342
3699 452
3700
3700 286
3700 388
3701
3701 180
3701 449
3702
3702 104
3702 445
3703
3703 194
3703 441
3704
3704 433
3704 494
3705
3705 257
3705 444
3706
3706 322
3706 591
3707
3707 266
3707 404
3708
3708 187
3708 726
3709
3709 189
3709 257
3710
3710 138
3710 978
3711
3711 311
3711 587
