essnet_clique_0.005_2.txt---------------------------


Statistical Information:
OS		Pc		MPc		MKc			Sn							Sp							F
0.1		1402		591		201		0.740601503759398		0.421540656205421		0.537272727272727
0.2		1402		316		129		0.53109243697479		0.225392296718973		0.316474712068102
0.3		1402		202		107		0.401590457256461		0.144079885877318		0.212073490813648
0.4		1402		127		81		0.279735682819383		0.0905848787446505		0.136853448275862
0.5		1402		79		57		0.183720930232558		0.0563480741797432		0.0862445414847162
0.6		1402		48		37		0.114558472553699		0.0342368045649073		0.0527182866556837
0.7		1402		18		15		0.0437956204379562		0.0128388017118402		0.0198565912851627
0.8		1402		11		10		0.0268948655256724		0.00784593437945792		0.0121479845389288
0.9		1402		4		4		0.00980392156862745		0.00285306704707561		0.00441988950276243
1		1402		4		4		0.00980392156862745		0.00285306704707561		0.00441988950276243
--------------------------------
essnet_clique_0.005_3.txt---------------------------


Statistical Information:
OS		Pc		MPc		MKc			Sn							Sp							F
0.1		1246		568		196		0.728205128205128		0.455858747993579		0.56071076011846
0.2		1246		305		131		0.524054982817869		0.244783306581059		0.333698030634573
0.3		1246		178		85		0.355289421157685		0.142857142857143		0.203777904979966
0.4		1246		96		60		0.216216216216216		0.0770465489566613		0.113609467455621
0.5		1246		62		44		0.145539906103286		0.0497592295345104		0.0741626794258373
0.6		1246		35		28		0.0843373493975904		0.0280898876404494		0.0421432871763998
0.7		1246		15		15		0.0367647058823529		0.0120385232744783		0.0181378476420798
0.8		1246		8		7		0.019559902200489		0.00642054574638844		0.00966767371601208
0.9		1246		5		5		0.0122549019607843		0.00401284109149278		0.0060459492140266
1		1246		4		4		0.00980392156862745		0.00321027287319422		0.00483675937122128
--------------------------------
essnet_clique_0.01_2.txt---------------------------


Statistical Information:
OS		Pc		MPc		MKc			Sn							Sp							F
0.1		1481		700		203		0.773480662983425		0.472653612424038		0.586756077116513
0.2		1481		391		150		0.602465331278891		0.264010803511141		0.367136150234742
0.3		1481		238		115		0.448210922787194		0.160702228224173		0.236580516898608
0.4		1481		161		94		0.338947368421053		0.108710330857529		0.164621676891616
0.5		1481		95		65		0.21689497716895		0.0641458474004051		0.099009900990099
0.6		1481		52		40		0.123809523809524		0.0351114112086428		0.0547080483955813
0.7		1481		24		20		0.058252427184466		0.0162052667116813		0.0253565768621236
0.8		1481		12		11		0.0293398533007335		0.00810263335584065		0.0126984126984127
0.9		1481		4		4		0.00980392156862745		0.00270087778528022		0.0042350449973531
1		1481		4		4		0.00980392156862745		0.00270087778528022		0.0042350449973531
--------------------------------
essnet_clique_0.01_3.txt---------------------------


Statistical Information:
OS		Pc		MPc		MKc			Sn							Sp							F
0.1		1351		648		201		0.757894736842105		0.479644707623982		0.587488667271079
0.2		1351		415		150		0.616641901931649		0.307179866765359		0.410079051383399
0.3		1351		228		108		0.431818181818182		0.168763878608438		0.242682277807344
0.4		1351		138		78		0.294871794871795		0.102146558105107		0.151731720725673
0.5		1351		83		52		0.189066059225513		0.0614359733530718		0.0927374301675978
0.6		1351		46		32		0.109004739336493		0.0340488527017024		0.0518894529046813
0.7		1351		21		19		0.0512195121951219		0.0155440414507772		0.0238500851788756
0.8		1351		9		8		0.0220048899755501		0.00666173205033309		0.0102272727272727
0.9		1351		6		6		0.0147058823529412		0.00444115470022206		0.00682205798749289
1		1351		4		4		0.00980392156862745		0.00296076980014804		0.0045480386583286
--------------------------------
essnet_clique_0.015_2.txt---------------------------


Statistical Information:
OS		Pc		MPc		MKc			Sn							Sp							F
0.1		1558		775		206		0.793244626407369		0.497432605905006		0.611439842209073
0.2		1558		395		148		0.603053435114504		0.253530166880616		0.356981473113421
0.3		1558		274		118		0.485815602836879		0.17586649550706		0.258246936852026
0.4		1558		186		97		0.374245472837022		0.119383825417202		0.181021897810219
0.5		1558		114		75		0.25503355704698		0.0731707317073171		0.113715710723192
0.6		1558		57		45		0.135714285714286		0.0365853658536585		0.057633973710819
0.7		1558		27		23		0.0655339805825243		0.0173299101412067		0.0274111675126904
0.8		1558		14		12		0.0341463414634146		0.00898587933247754		0.0142276422764228
0.9		1558		5		5		0.0122549019607843		0.00320924261874198		0.00508646998982706
1		1558		5		5		0.0122549019607843		0.00320924261874198		0.00508646998982706
--------------------------------
essnet_clique_0.015_3.txt---------------------------


Statistical Information:
OS		Pc		MPc		MKc			Sn							Sp							F
0.1		1426		728		199		0.776947705442903		0.510518934081346		0.616165890816758
0.2		1426		430		153		0.627737226277372		0.301542776998597		0.407389862624349
0.3		1426		267		113		0.47508896797153		0.187237026647966		0.268611670020121
0.4		1426		165		85		0.338114754098361		0.115708274894811		0.172413793103448
0.5		1426		108		62		0.237885462555066		0.0757363253856942		0.114893617021277
0.6		1426		59		45		0.139810426540284		0.0413744740532959		0.0638528138528139
0.7		1426		34		28		0.0821256038647343		0.0238429172510519		0.0369565217391304
0.8		1426		15		14		0.0366748166259169		0.0105189340813464		0.0163487738419619
0.9		1426		7		7		0.017156862745098		0.00490883590462833		0.00763358778625954
1		1426		5		5		0.0122549019607843		0.00350631136044881		0.0054525627044711
--------------------------------
essnet_node_0.005_2.txt---------------------------


Statistical Information:
OS		Pc		MPc		MKc			Sn							Sp							F
0.1		545		221		209		0.526190476190476		0.405504587155963		0.458031088082902
0.2		545		126		124		0.307317073170732		0.231192660550459		0.263874345549738
0.3		545		87		88		0.213759213759214		0.159633027522936		0.182773109243697
0.4		545		64		65		0.157248157248157		0.11743119266055		0.134453781512605
0.5		545		49		53		0.121287128712871		0.0899082568807339		0.103266596417281
0.6		545		29		32		0.0716049382716049		0.0532110091743119		0.0610526315789474
0.7		545		14		15		0.0343980343980344		0.0256880733944954		0.0294117647058824
0.8		545		8		9		0.0196560196560197		0.0146788990825688		0.0168067226890756
0.9		545		3		3		0.00735294117647059		0.0055045871559633		0.00629590766002099
1		545		3		3		0.00735294117647059		0.0055045871559633		0.00629590766002099
--------------------------------
essnet_node_0.005_3.txt---------------------------


Statistical Information:
OS		Pc		MPc		MKc			Sn							Sp							F
0.1		501		218		192		0.502304147465438		0.435129740518962		0.466310160427807
0.2		501		134		131		0.326034063260341		0.267465069860279		0.293859649122807
0.3		501		88		84		0.213592233009709		0.17564870259481		0.192771084337349
0.4		501		59		60		0.144963144963145		0.117764471057884		0.129955947136564
0.5		501		40		44		0.099009900990099		0.0798403193612774		0.0883977900552486
0.6		501		20		21		0.0491400491400491		0.0399201596806387		0.0440528634361234
0.7		501		7		9		0.0172413793103448		0.0139720558882236		0.0154355016538037
0.8		501		6		6		0.0147058823529412		0.0119760479041916		0.0132013201320132
0.9		501		5		5		0.0122549019607843		0.00998003992015968		0.011001100110011
1		501		4		4		0.00980392156862745		0.00798403193612774		0.0088008800880088
--------------------------------
essnet_node_0.01_2.txt---------------------------


Statistical Information:
OS		Pc		MPc		MKc			Sn							Sp							F
0.1		571		225		213		0.535714285714286		0.394045534150613		0.454086781029263
0.2		571		136		139		0.335802469135802		0.238178633975482		0.278688524590164
0.3		571		90		99		0.225563909774436		0.157618213660245		0.185567010309278
0.4		571		66		75		0.165413533834586		0.115586690017513		0.136082474226804
0.5		571		50		61		0.125944584382872		0.0875656742556918		0.103305785123967
0.6		571		25		27		0.061576354679803		0.0437828371278459		0.0511770726714432
0.7		571		14		15		0.0343980343980344		0.0245183887915937		0.0286298568507157
0.8		571		8		9		0.0196560196560197		0.0140105078809107		0.016359918200409
0.9		571		3		3		0.00735294117647059		0.00525394045534151		0.00612870275791624
1		571		3		3		0.00735294117647059		0.00525394045534151		0.00612870275791624
--------------------------------
essnet_node_0.01_3.txt---------------------------


Statistical Information:
OS		Pc		MPc		MKc			Sn							Sp							F
0.1		529		231		201		0.527397260273973		0.436672967863894		0.477766287487073
0.2		529		145		143		0.353658536585366		0.274102079395085		0.308839190628328
0.3		529		92		96		0.227722772277228		0.173913043478261		0.197213290460879
0.4		529		63		71		0.1575		0.119092627599244		0.135629709364909
0.5		529		47		56		0.117794486215539		0.0888468809073724		0.101293103448276
0.6		529		24		25		0.058968058968059		0.0453686200378072		0.0512820512820513
0.7		529		11		13		0.0270935960591133		0.0207939508506616		0.0235294117647059
0.8		529		7		7		0.017156862745098		0.0132325141776938		0.0149413020277481
0.9		529		6		6		0.0147058823529412		0.0113421550094518		0.0128068303094984
1		529		4		4		0.00980392156862745		0.00756143667296786		0.00853788687299893
--------------------------------
essnet_node_0.015_2.txt---------------------------


Statistical Information:
OS		Pc		MPc		MKc			Sn							Sp							F
0.1		584		243		220		0.563805104408353		0.416095890410959		0.478817733990148
0.2		584		137		140		0.338271604938272		0.23458904109589		0.277047522750253
0.3		584		95		103		0.2375		0.162671232876712		0.193089430894309
0.4		584		71		80		0.177944862155388		0.121575342465753		0.144455747711089
0.5		584		50		61		0.125944584382872		0.0856164383561644		0.101936799184506
0.6		584		26		27		0.0638820638820639		0.0445205479452055		0.0524722502522704
0.7		584		16		17		0.0393120393120393		0.0273972602739726		0.0322906155398587
0.8		584		10		11		0.0245700245700246		0.0171232876712329		0.0201816347124117
0.9		584		3		3		0.00735294117647059		0.00513698630136986		0.00604838709677419
1		584		3		3		0.00735294117647059		0.00513698630136986		0.00604838709677419
--------------------------------
essnet_node_0.015_3.txt---------------------------


Statistical Information:
OS		Pc		MPc		MKc			Sn							Sp							F
0.1		545		243		212		0.553530751708428		0.445871559633028		0.49390243902439
0.2		545		148		146		0.360975609756098		0.271559633027523		0.309947643979058
0.3		545		105		108		0.259259259259259		0.192660550458716		0.221052631578947
0.4		545		64		72		0.16		0.11743119266055		0.135449735449735
0.5		545		48		57		0.120300751879699		0.0880733944954128		0.101694915254237
0.6		545		26		27		0.0638820638820639		0.0477064220183486		0.0546218487394958
0.7		545		14		16		0.0344827586206897		0.0256880733944954		0.0294426919032597
0.8		545		7		7		0.017156862745098		0.0128440366972477		0.0146904512067156
0.9		545		6		6		0.0147058823529412		0.0110091743119266		0.012591815320042
1		545		4		4		0.00980392156862745		0.0073394495412844		0.00839454354669465
--------------------------------
