essnet_clique_0.005_2.txt---------------------------


Statistical Information:
OS		Pc		MPc		MKc			Sn							Sp							F
0.1		1402		591		201		0.740601503759398		0.421540656205421		0.537272727272727
0.2		1402		316		129		0.53109243697479		0.225392296718973		0.316474712068102
0.3		1402		202		107		0.401590457256461		0.144079885877318		0.212073490813648
0.4		1402		127		81		0.279735682819383		0.0905848787446505		0.136853448275862
0.5		1402		79		57		0.183720930232558		0.0563480741797432		0.0862445414847162
0.6		1402		48		37		0.114558472553699		0.0342368045649073		0.0527182866556837
0.7		1402		18		15		0.0437956204379562		0.0128388017118402		0.0198565912851627
0.8		1402		11		10		0.0268948655256724		0.00784593437945792		0.0121479845389288
0.9		1402		4		4		0.00980392156862745		0.00285306704707561		0.00441988950276243
1		1402		4		4		0.00980392156862745		0.00285306704707561		0.00441988950276243
--------------------------------
essnet_clique_0.005_3.txt---------------------------


Statistical Information:
OS		Pc		MPc		MKc			Sn							Sp							F
0.1		1246		568		196		0.728205128205128		0.455858747993579		0.56071076011846
0.2		1246		305		131		0.524054982817869		0.244783306581059		0.333698030634573
0.3		1246		178		85		0.355289421157685		0.142857142857143		0.203777904979966
0.4		1246		96		60		0.216216216216216		0.0770465489566613		0.113609467455621
0.5		1246		62		44		0.145539906103286		0.0497592295345104		0.0741626794258373
0.6		1246		35		28		0.0843373493975904		0.0280898876404494		0.0421432871763998
0.7		1246		15		15		0.0367647058823529		0.0120385232744783		0.0181378476420798
0.8		1246		8		7		0.019559902200489		0.00642054574638844		0.00966767371601208
0.9		1246		5		5		0.0122549019607843		0.00401284109149278		0.0060459492140266
1		1246		4		4		0.00980392156862745		0.00321027287319422		0.00483675937122128
--------------------------------
essnet_clique_0.01_2.txt---------------------------


Statistical Information:
OS		Pc		MPc		MKc			Sn							Sp							F
0.1		1481		700		203		0.773480662983425		0.472653612424038		0.586756077116513
0.2		1481		391		150		0.602465331278891		0.264010803511141		0.367136150234742
0.3		1481		238		115		0.448210922787194		0.160702228224173		0.236580516898608
0.4		1481		161		94		0.338947368421053		0.108710330857529		0.164621676891616
0.5		1481		95		65		0.21689497716895		0.0641458474004051		0.099009900990099
0.6		1481		52		40		0.123809523809524		0.0351114112086428		0.0547080483955813
0.7		1481		24		20		0.058252427184466		0.0162052667116813		0.0253565768621236
0.8		1481		12		11		0.0293398533007335		0.00810263335584065		0.0126984126984127
0.9		1481		4		4		0.00980392156862745		0.00270087778528022		0.0042350449973531
1		1481		4		4		0.00980392156862745		0.00270087778528022		0.0042350449973531
--------------------------------
essnet_clique_0.01_3.txt---------------------------


Statistical Information:
OS		Pc		MPc		MKc			Sn							Sp							F
0.1		1351		648		201		0.757894736842105		0.479644707623982		0.587488667271079
0.2		1351		415		150		0.616641901931649		0.307179866765359		0.410079051383399
0.3		1351		228		108		0.431818181818182		0.168763878608438		0.242682277807344
0.4		1351		138		78		0.294871794871795		0.102146558105107		0.151731720725673
0.5		1351		83		52		0.189066059225513		0.0614359733530718		0.0927374301675978
0.6		1351		46		32		0.109004739336493		0.0340488527017024		0.0518894529046813
0.7		1351		21		19		0.0512195121951219		0.0155440414507772		0.0238500851788756
0.8		1351		9		8		0.0220048899755501		0.00666173205033309		0.0102272727272727
0.9		1351		6		6		0.0147058823529412		0.00444115470022206		0.00682205798749289
1		1351		4		4		0.00980392156862745		0.00296076980014804		0.0045480386583286
--------------------------------
essnet_clique_0.015_2.txt---------------------------


Statistical Information:
OS		Pc		MPc		MKc			Sn							Sp							F
0.1		1558		775		206		0.793244626407369		0.497432605905006		0.611439842209073
0.2		1558		395		148		0.603053435114504		0.253530166880616		0.356981473113421
0.3		1558		274		118		0.485815602836879		0.17586649550706		0.258246936852026
0.4		1558		186		97		0.374245472837022		0.119383825417202		0.181021897810219
0.5		1558		114		75		0.25503355704698		0.0731707317073171		0.113715710723192
0.6		1558		57		45		0.135714285714286		0.0365853658536585		0.057633973710819
0.7		1558		27		23		0.0655339805825243		0.0173299101412067		0.0274111675126904
0.8		1558		14		12		0.0341463414634146		0.00898587933247754		0.0142276422764228
0.9		1558		5		5		0.0122549019607843		0.00320924261874198		0.00508646998982706
1		1558		5		5		0.0122549019607843		0.00320924261874198		0.00508646998982706
--------------------------------
essnet_clique_0.015_3.txt---------------------------


Statistical Information:
OS		Pc		MPc		MKc			Sn							Sp							F
0.1		1426		728		199		0.776947705442903		0.510518934081346		0.616165890816758
0.2		1426		430		153		0.627737226277372		0.301542776998597		0.407389862624349
0.3		1426		267		113		0.47508896797153		0.187237026647966		0.268611670020121
0.4		1426		165		85		0.338114754098361		0.115708274894811		0.172413793103448
0.5		1426		108		62		0.237885462555066		0.0757363253856942		0.114893617021277
0.6		1426		59		45		0.139810426540284		0.0413744740532959		0.0638528138528139
0.7		1426		34		28		0.0821256038647343		0.0238429172510519		0.0369565217391304
0.8		1426		15		14		0.0366748166259169		0.0105189340813464		0.0163487738419619
0.9		1426		7		7		0.017156862745098		0.00490883590462833		0.00763358778625954
1		1426		5		5		0.0122549019607843		0.00350631136044881		0.0054525627044711
--------------------------------
essnet_clique_0.005_4.txt---------------------------


Statistical Information:
OS		Pc		MPc		MKc			Sn							Sp							F
0.1		1183		589		191		0.730769230769231		0.497886728655959		0.592257415786827
0.2		1183		330		120		0.533980582524272		0.278951817413356		0.366463076068851
0.3		1183		181		77		0.353515625		0.153000845308538		0.213569321533923
0.4		1183		108		58		0.235807860262009		0.0912933220625528		0.131627056672761
0.5		1183		62		39		0.14385150812065		0.0524091293322063		0.0768277571251549
0.6		1183		39		27		0.0928571428571429		0.032967032967033		0.0486587648159701
0.7		1183		19		16		0.0462287104622871		0.0160608622147084		0.0238393977415307
0.8		1183		6		6		0.0147058823529412		0.00507185122569738		0.00754242614707731
0.9		1183		4		4		0.00980392156862745		0.00338123415046492		0.00502828409805154
1		1183		3		3		0.00735294117647059		0.00253592561284869		0.00377121307353866
--------------------------------
essnet_clique_0.005_0.txt---------------------------


Statistical Information:
OS		Pc		MPc		MKc			Sn							Sp							F
0.1		998		637		179		0.735565819861432		0.638276553106212		0.683476394849785
0.2		998		386		93		0.550641940085592		0.386773547094188		0.454384932313125
0.3		998		267		60		0.434146341463415		0.267535070140281		0.331060136391816
0.4		998		166		36		0.308550185873606		0.166332665330661		0.216145833333333
0.5		998		108		26		0.220408163265306		0.108216432865731		0.145161290322581
0.6		998		76		17		0.162740899357602		0.0761523046092184		0.103754266211604
0.7		998		25		10		0.0591016548463357		0.0250501002004008		0.0351864883884588
0.8		998		9		4		0.0217917675544794		0.00901803607214429		0.0127569099929128
0.9		998		2		2		0.00490196078431373		0.00200400801603206		0.00284495021337127
1		998		2		2		0.00490196078431373		0.00200400801603206		0.00284495021337127
--------------------------------
essnet_clique_0.01_4.txt---------------------------


Statistical Information:
OS		Pc		MPc		MKc			Sn							Sp							F
0.1		1288		658		196		0.75632183908046		0.510869565217391		0.60982391102873
0.2		1288		436		147		0.625538020086083		0.338509316770186		0.439294710327456
0.3		1288		253		100		0.450980392156863		0.196428571428571		0.273661438615468
0.4		1288		144		71		0.299376299376299		0.111801242236025		0.16280384397965
0.5		1288		88		47		0.195991091314031		0.0683229813664596		0.101324122049511
0.6		1288		49		31		0.115023474178404		0.0380434782608696		0.0571761960326721
0.7		1288		28		20		0.0673076923076923		0.0217391304347826		0.0328638497652582
0.8		1288		9		8		0.0220048899755501		0.00698757763975155		0.0106069534472599
0.9		1288		5		5		0.0122549019607843		0.00388198757763975		0.00589622641509434
1		1288		3		3		0.00735294117647059		0.00232919254658385		0.0035377358490566
--------------------------------
essnet_clique_0.01_0.txt---------------------------


Statistical Information:
OS		Pc		MPc		MKc			Sn							Sp							F
0.1		1112		692		200		0.768888888888889		0.622302158273381		0.687872763419483
0.2		1112		473		135		0.634048257372654		0.425359712230216		0.509149623250807
0.3		1112		317		75		0.487692307692308		0.285071942446043		0.359818388195233
0.4		1112		239		54		0.403035413153457		0.214928057553957		0.280351906158358
0.5		1112		160		32		0.298507462686567		0.143884892086331		0.194174757281553
0.6		1112		101		22		0.207392197125257		0.0908273381294964		0.126328955597248
0.7		1112		46		18		0.105504587155963		0.0413669064748201		0.0594315245478036
0.8		1112		8		5		0.0194647201946472		0.00719424460431655		0.010505581089954
0.9		1112		3		3		0.00735294117647059		0.00269784172661871		0.00394736842105263
1		1112		2		2		0.00490196078431373		0.00179856115107914		0.00263157894736842
--------------------------------
essnet_clique_0.015_4.txt---------------------------


Statistical Information:
OS		Pc		MPc		MKc			Sn							Sp							F
0.1		1368		729		195		0.773885350318471		0.532894736842105		0.631168831168831
0.2		1368		476		155		0.652949245541838		0.347953216374269		0.453981878874583
0.3		1368		300		113		0.504201680672269		0.219298245614035		0.305654610290372
0.4		1368		183		88		0.363817097415507		0.133771929824561		0.195617316942811
0.5		1368		112		59		0.24295010845987		0.0818713450292398		0.122471295790049
0.6		1368		63		41		0.146511627906977		0.0460526315789474		0.0700778642936596
0.7		1368		38		28		0.0909090909090909		0.0277777777777778		0.0425531914893617
0.8		1368		15		14		0.0366748166259169		0.0109649122807018		0.0168823860438942
0.9		1368		6		6		0.0147058823529412		0.0043859649122807		0.00675675675675676
1		1368		4		4		0.00980392156862745		0.00292397660818713		0.0045045045045045
--------------------------------
essnet_clique_0.015_0.txt---------------------------


Statistical Information:
OS		Pc		MPc		MKc			Sn							Sp							F
0.1		1234		738		193		0.774396642182581		0.59805510534846		0.674897119341564
0.2		1234		532		144		0.668341708542714		0.431118314424635		0.524137931034483
0.3		1234		372		96		0.543859649122807		0.301458670988655		0.387904066736184
0.4		1234		285		75		0.461165048543689		0.23095623987034		0.307775377969762
0.5		1234		195		50		0.352622061482821		0.158022690437601		0.218242865137101
0.6		1234		112		39		0.232848232848233		0.0907617504051864		0.130612244897959
0.7		1234		56		25		0.127562642369021		0.0453808752025932		0.0669456066945607
0.8		1234		17		12		0.0411622276029056		0.0137763371150729		0.0206435944140862
0.9		1234		5		5		0.0122549019607843		0.00405186385737439		0.00609013398294762
1		1234		4		4		0.00980392156862745		0.00324149108589951		0.0048721071863581
--------------------------------
essnet_node_0.005_2.txt---------------------------


Statistical Information:
OS		Pc		MPc		MKc			Sn							Sp							F
0.1		545		221		209		0.526190476190476		0.405504587155963		0.458031088082902
0.2		545		126		124		0.307317073170732		0.231192660550459		0.263874345549738
0.3		545		87		88		0.213759213759214		0.159633027522936		0.182773109243697
0.4		545		64		65		0.157248157248157		0.11743119266055		0.134453781512605
0.5		545		49		53		0.121287128712871		0.0899082568807339		0.103266596417281
0.6		545		29		32		0.0716049382716049		0.0532110091743119		0.0610526315789474
0.7		545		14		15		0.0343980343980344		0.0256880733944954		0.0294117647058824
0.8		545		8		9		0.0196560196560197		0.0146788990825688		0.0168067226890756
0.9		545		3		3		0.00735294117647059		0.0055045871559633		0.00629590766002099
1		545		3		3		0.00735294117647059		0.0055045871559633		0.00629590766002099
--------------------------------
essnet_node_0.005_3.txt---------------------------


Statistical Information:
OS		Pc		MPc		MKc			Sn							Sp							F
0.1		501		218		192		0.502304147465438		0.435129740518962		0.466310160427807
0.2		501		134		131		0.326034063260341		0.267465069860279		0.293859649122807
0.3		501		88		84		0.213592233009709		0.17564870259481		0.192771084337349
0.4		501		59		60		0.144963144963145		0.117764471057884		0.129955947136564
0.5		501		40		44		0.099009900990099		0.0798403193612774		0.0883977900552486
0.6		501		20		21		0.0491400491400491		0.0399201596806387		0.0440528634361234
0.7		501		7		9		0.0172413793103448		0.0139720558882236		0.0154355016538037
0.8		501		6		6		0.0147058823529412		0.0119760479041916		0.0132013201320132
0.9		501		5		5		0.0122549019607843		0.00998003992015968		0.011001100110011
1		501		4		4		0.00980392156862745		0.00798403193612774		0.0088008800880088
--------------------------------
essnet_node_0.01_2.txt---------------------------


Statistical Information:
OS		Pc		MPc		MKc			Sn							Sp							F
0.1		571		225		213		0.535714285714286		0.394045534150613		0.454086781029263
0.2		571		136		139		0.335802469135802		0.238178633975482		0.278688524590164
0.3		571		90		99		0.225563909774436		0.157618213660245		0.185567010309278
0.4		571		66		75		0.165413533834586		0.115586690017513		0.136082474226804
0.5		571		50		61		0.125944584382872		0.0875656742556918		0.103305785123967
0.6		571		25		27		0.061576354679803		0.0437828371278459		0.0511770726714432
0.7		571		14		15		0.0343980343980344		0.0245183887915937		0.0286298568507157
0.8		571		8		9		0.0196560196560197		0.0140105078809107		0.016359918200409
0.9		571		3		3		0.00735294117647059		0.00525394045534151		0.00612870275791624
1		571		3		3		0.00735294117647059		0.00525394045534151		0.00612870275791624
--------------------------------
essnet_node_0.01_3.txt---------------------------


Statistical Information:
OS		Pc		MPc		MKc			Sn							Sp							F
0.1		529		231		201		0.527397260273973		0.436672967863894		0.477766287487073
0.2		529		145		143		0.353658536585366		0.274102079395085		0.308839190628328
0.3		529		92		96		0.227722772277228		0.173913043478261		0.197213290460879
0.4		529		63		71		0.1575		0.119092627599244		0.135629709364909
0.5		529		47		56		0.117794486215539		0.0888468809073724		0.101293103448276
0.6		529		24		25		0.058968058968059		0.0453686200378072		0.0512820512820513
0.7		529		11		13		0.0270935960591133		0.0207939508506616		0.0235294117647059
0.8		529		7		7		0.017156862745098		0.0132325141776938		0.0149413020277481
0.9		529		6		6		0.0147058823529412		0.0113421550094518		0.0128068303094984
1		529		4		4		0.00980392156862745		0.00756143667296786		0.00853788687299893
--------------------------------
essnet_node_0.015_2.txt---------------------------


Statistical Information:
OS		Pc		MPc		MKc			Sn							Sp							F
0.1		584		243		220		0.563805104408353		0.416095890410959		0.478817733990148
0.2		584		137		140		0.338271604938272		0.23458904109589		0.277047522750253
0.3		584		95		103		0.2375		0.162671232876712		0.193089430894309
0.4		584		71		80		0.177944862155388		0.121575342465753		0.144455747711089
0.5		584		50		61		0.125944584382872		0.0856164383561644		0.101936799184506
0.6		584		26		27		0.0638820638820639		0.0445205479452055		0.0524722502522704
0.7		584		16		17		0.0393120393120393		0.0273972602739726		0.0322906155398587
0.8		584		10		11		0.0245700245700246		0.0171232876712329		0.0201816347124117
0.9		584		3		3		0.00735294117647059		0.00513698630136986		0.00604838709677419
1		584		3		3		0.00735294117647059		0.00513698630136986		0.00604838709677419
--------------------------------
essnet_node_0.015_3.txt---------------------------


Statistical Information:
OS		Pc		MPc		MKc			Sn							Sp							F
0.1		545		243		212		0.553530751708428		0.445871559633028		0.49390243902439
0.2		545		148		146		0.360975609756098		0.271559633027523		0.309947643979058
0.3		545		105		108		0.259259259259259		0.192660550458716		0.221052631578947
0.4		545		64		72		0.16		0.11743119266055		0.135449735449735
0.5		545		48		57		0.120300751879699		0.0880733944954128		0.101694915254237
0.6		545		26		27		0.0638820638820639		0.0477064220183486		0.0546218487394958
0.7		545		14		16		0.0344827586206897		0.0256880733944954		0.0294426919032597
0.8		545		7		7		0.017156862745098		0.0128440366972477		0.0146904512067156
0.9		545		6		6		0.0147058823529412		0.0110091743119266		0.012591815320042
1		545		4		4		0.00980392156862745		0.0073394495412844		0.00839454354669465
--------------------------------
essnet_node_0.005_4.txt---------------------------


Statistical Information:
OS		Pc		MPc		MKc			Sn							Sp							F
0.1		457		191		189		0.465853658536585		0.417943107221007		0.440599769319493
0.2		457		119		122		0.293827160493827		0.260393873085339		0.276102088167053
0.3		457		72		76		0.178217821782178		0.157549234135667		0.167247386759582
0.4		457		54		56		0.133004926108374		0.118161925601751		0.125144843568946
0.5		457		34		38		0.0841584158415842		0.074398249452954		0.0789779326364692
0.6		457		18		19		0.0442260442260442		0.0393873085339169		0.0416666666666667
0.7		457		6		8		0.0147783251231527		0.0131291028446389		0.0139049826187717
0.8		457		4		4		0.00980392156862745		0.0087527352297593		0.0092485549132948
0.9		457		3		3		0.00735294117647059		0.00656455142231947		0.0069364161849711
1		457		2		2		0.00490196078431373		0.00437636761487965		0.0046242774566474
--------------------------------
essnet_node_0.005_0.txt---------------------------


Statistical Information:
OS		Pc		MPc		MKc			Sn							Sp							F
0.1		357		166		166		0.406862745098039		0.464985994397759		0.433986928104575
0.2		357		95		93		0.231707317073171		0.266106442577031		0.247718383311604
0.3		357		55		51		0.133495145631068		0.15406162464986		0.143042912873862
0.4		357		38		32		0.0917874396135266		0.106442577030812		0.0985732814526589
0.5		357		25		21		0.0606796116504854		0.0700280112044818		0.0650195058517555
0.6		357		18		13		0.0435835351089588		0.0504201680672269		0.0467532467532468
0.7		357		9		5		0.0218446601941748		0.0252100840336134		0.023407022106632
0.8		357		4		4		0.00980392156862745		0.0112044817927171		0.0104575163398693
0.9		357		2		2		0.00490196078431373		0.00560224089635854		0.00522875816993464
1		357		2		2		0.00490196078431373		0.00560224089635854		0.00522875816993464
--------------------------------
essnet_node_0.01_4.txt---------------------------


Statistical Information:
OS		Pc		MPc		MKc			Sn							Sp							F
0.1		497		208		197		0.496420047732697		0.41851106639839		0.454148471615721
0.2		497		129		136		0.321695760598504		0.259557344064386		0.287305122494432
0.3		497		85		91		0.211442786069652		0.17102615694165		0.189098998887653
0.4		497		59		69		0.148241206030151		0.118712273641851		0.131843575418994
0.5		497		42		53		0.105793450881612		0.0845070422535211		0.0939597315436242
0.6		497		22		23		0.0540540540540541		0.0442655935613682		0.0486725663716814
0.7		497		11		12		0.027027027027027		0.0221327967806841		0.0243362831858407
0.8		497		6		6		0.0147058823529412		0.0120724346076459		0.0132596685082873
0.9		497		4		4		0.00980392156862745		0.00804828973843058		0.00883977900552486
1		497		2		2		0.00490196078431373		0.00402414486921529		0.00441988950276243
--------------------------------
essnet_node_0.01_0.txt---------------------------


Statistical Information:
OS		Pc		MPc		MKc			Sn							Sp							F
0.1		413		193		187		0.466183574879227		0.467312348668281		0.466747279322854
0.2		413		113		116		0.279012345679012		0.273607748184019		0.276283618581907
0.3		413		68		69		0.167076167076167		0.164648910411622		0.165853658536585
0.4		413		47		48		0.115479115479115		0.113801452784504		0.114634146341463
0.5		413		36		35		0.0880195599022005		0.0871670702179177		0.0875912408759124
0.6		413		19		14		0.0460048426150121		0.0460048426150121		0.0460048426150121
0.7		413		11		11		0.0269607843137255		0.026634382566586		0.0267965895249696
0.8		413		4		4		0.00980392156862745		0.00968523002421308		0.0097442143727162
0.9		413		3		3		0.00735294117647059		0.00726392251815981		0.00730816077953715
1		413		2		2		0.00490196078431373		0.00484261501210654		0.0048721071863581
--------------------------------
essnet_node_0.015_4.txt---------------------------


Statistical Information:
OS		Pc		MPc		MKc			Sn							Sp							F
0.1		522		218		205		0.517814726840855		0.417624521072797		0.462354188759279
0.2		522		138		141		0.340740740740741		0.264367816091954		0.297734627831715
0.3		522		93		99		0.23134328358209		0.17816091954023		0.201298701298701
0.4		522		63		73		0.158291457286432		0.120689655172414		0.13695652173913
0.5		522		44		54		0.110552763819095		0.0842911877394636		0.0956521739130435
0.6		522		21		22		0.0515970515970516		0.0402298850574713		0.0452099031216362
0.7		522		13		14		0.0319410319410319		0.024904214559387		0.0279870828848224
0.8		522		6		6		0.0147058823529412		0.0114942528735632		0.0129032258064516
0.9		522		4		4		0.00980392156862745		0.00766283524904215		0.00860215053763441
1		522		2		2		0.00490196078431373		0.00383141762452107		0.0043010752688172
--------------------------------
essnet_node_0.015_0.txt---------------------------


Statistical Information:
OS		Pc		MPc		MKc			Sn							Sp							F
0.1		461		203		199		0.492718446601942		0.440347071583514		0.465063001145475
0.2		461		133		135		0.327586206896552		0.288503253796095		0.306805074971165
0.3		461		84		83		0.205378973105134		0.182212581344902		0.193103448275862
0.4		461		58		57		0.141809290953545		0.125813449023861		0.133333333333333
0.5		461		39		38		0.0953545232273839		0.0845986984815618		0.0896551724137931
0.6		461		22		18		0.0533980582524272		0.0477223427331887		0.0504009163802978
0.7		461		11		11		0.0269607843137255		0.0238611713665944		0.0253164556962025
0.8		461		7		7		0.017156862745098		0.0151843817787419		0.0161104718066743
0.9		461		4		4		0.00980392156862745		0.00867678958785249		0.00920598388952819
1		461		3		3		0.00735294117647059		0.00650759219088937		0.00690448791714614
--------------------------------
essnet_clique_0.02_0.txt---------------------------


Statistical Information:
OS		Pc		MPc		MKc			Sn							Sp							F
0.1		1296		765		198		0.784615384615385		0.590277777777778		0.673712021136063
0.2		1296		536		148		0.673366834170854		0.41358024691358		0.512428298279159
0.3		1296		393		111		0.569565217391304		0.303240740740741		0.395770392749245
0.4		1296		299		84		0.479935794542536		0.23070987654321		0.311620635747785
0.5		1296		191		57		0.35239852398524		0.147376543209877		0.207834602829162
0.6		1296		119		44		0.246376811594203		0.091820987654321		0.133783024170883
0.7		1296		62		27		0.139954853273138		0.0478395061728395		0.0713053479010926
0.8		1296		23		16		0.0554216867469879		0.0177469135802469		0.0268848626534191
0.9		1296		6		6		0.0147058823529412		0.00462962962962963		0.00704225352112676
1		1296		5		5		0.0122549019607843		0.00385802469135802		0.00586854460093897
--------------------------------
initialComplexes_Fitness.txt---------------------------


Statistical Information:
OS		Pc		MPc		MKc			Sn							Sp							F
0.1		2107		897		238		0.840674789128397		0.425723777883246		0.565217391304348
0.2		2107		486		123		0.630350194552529		0.230659705742762		0.337734537873523
0.3		2107		280		72		0.454545454545455		0.132890365448505		0.205655526992288
0.4		2107		172		40		0.318518518518519		0.0816326530612245		0.129958443520967
0.5		2107		103		30		0.214137214137214		0.0488846701471286		0.0795981452859351
0.6		2107		55		12		0.121951219512195		0.0261034646416706		0.0430023455824863
0.7		2107		12		9		0.0291970802919708		0.0056953013763645		0.00953137410643368
0.8		2107		2		2		0.00490196078431373		0.00094921689606075		0.00159045725646123
0.9		2107		1		1		0.00245098039215686		0.000474608448030375		0.000795228628230616
1		2107		1		1		0.00245098039215686		0.000474608448030375		0.000795228628230616
--------------------------------
bestResult.txt---------------------------


Statistical Information:
OS		Pc		MPc		MKc			Sn							Sp							F
0.1		3341		1295		282		0.911330049261084		0.387608500448967		0.543889122217556
0.2		3341		884		184		0.797833935018051		0.264591439688716		0.397392672510677
0.3		3341		596		116		0.671171171171171		0.178389703681532		0.281863324663041
0.4		3341		431		82		0.569352708058124		0.129003292427417		0.210346510492923
0.5		3341		289		56		0.450858034321373		0.0865010475905418		0.145153189352084
0.6		3341		166		41		0.311444652908068		0.0496857228374738		0.0856995353639649
0.7		3341		68		28		0.151785714285714		0.0203531876683628		0.035893375560834
0.8		3341		19		12		0.0457831325301205		0.00568692008380724		0.0101171458998935
0.9		3341		6		5		0.0146699266503667		0.00179586950014966		0.0032
1		3341		5		4		0.0122249388753056		0.00149655791679138		0.00266666666666667
--------------------------------
