initialComplexes_Fitness.txt---------------------------


Statistical Information:
OS		Pc		MPc		MKc			Sn							Sp							F
0.1		175		109		123		0.276649746192893		0.622857142857143		0.383128295254833
0.2		175		81		91		0.203517587939698		0.462857142857143		0.282722513089005
0.3		175		54		59		0.133995037220844		0.308571428571429		0.186851211072664
0.4		175		41		45		0.101485148514851		0.234285714285714		0.141623488773748
0.5		175		30		33		0.0740740740740741		0.171428571428571		0.103448275862069
0.6		175		21		23		0.0517241379310345		0.12		0.072289156626506
0.7		175		13		15		0.0320197044334975		0.0742857142857143		0.044750430292599
0.8		175		8		8		0.0196078431372549		0.0457142857142857		0.0274442538593482
0.9		175		7		7		0.017156862745098		0.04		0.0240137221269297
1		175		5		5		0.0122549019607843		0.0285714285714286		0.0171526586620926
--------------------------------
initialComplexes_Fitness.txt---------------------------


Statistical Information:
OS		Pc		MPc		MKc			Sn							Sp							F
0.1		187		112		136		0.291666666666667		0.598930481283422		0.392294220665499
0.2		187		82		101		0.210796915167095		0.438502673796791		0.284722222222222
0.3		187		60		64		0.148514851485149		0.320855614973262		0.203045685279188
0.4		187		47		49		0.11576354679803		0.251336898395722		0.158516020236088
0.5		187		34		34		0.0833333333333333		0.181818181818182		0.114285714285714
0.6		187		24		25		0.058968058968059		0.128342245989305		0.0808080808080808
0.7		187		16		18		0.0394088669950739		0.0855614973262032		0.0539629005059022
0.8		187		7		7		0.017156862745098		0.0374331550802139		0.0235294117647059
0.9		187		6		6		0.0147058823529412		0.0320855614973262		0.0201680672268908
1		187		4		4		0.00980392156862745		0.0213903743315508		0.0134453781512605
--------------------------------
initialComplexes_Fitness.txt---------------------------


Statistical Information:
OS		Pc		MPc		MKc			Sn							Sp							F
0.1		581		385		154		0.602503912363067		0.662650602409639		0.631147540983607
0.2		581		295		120		0.506003430531732		0.507745266781411		0.506872852233677
0.3		581		208		74		0.383763837638376		0.358003442340792		0.370436331255565
0.4		581		157		55		0.307843137254902		0.270223752151463		0.287809349220898
0.5		581		110		41		0.230607966457023		0.189328743545611		0.207939508506616
0.6		581		68		30		0.152466367713004		0.117039586919105		0.132424537487829
0.7		581		36		19		0.0847058823529412		0.0619621342512909		0.0715705765407555
0.8		581		15		9		0.036231884057971		0.0258175559380379		0.0301507537688442
0.9		581		5		5		0.0122549019607843		0.00860585197934595		0.0101112234580384
1		581		4		4		0.00980392156862745		0.00688468158347676		0.00808897876643074
--------------------------------
