ess_complex.txt---------------------------


Statistical Information:
OS		Pc		MPc		MKc			Sn							Sp							F
0.1		1094		556		170		0.700251889168766		0.508226691042048		0.588983050847458
0.2		1094		305		119		0.513468013468014		0.278793418647166		0.361374407582938
0.3		1094		191		93		0.377470355731225		0.174588665447898		0.23875
0.4		1094		110		69		0.244988864142539		0.10054844606947		0.142579390797148
0.5		1094		62		45		0.145882352941176		0.056672760511883		0.0816326530612245
0.6		1094		43		36		0.103614457831325		0.0393053016453382		0.0569913850231942
0.7		1094		18		17		0.0440097799511002		0.0164533820840951		0.0239520958083832
0.8		1094		12		12		0.0294117647058824		0.0109689213893967		0.0159786950732357
0.9		1094		8		8		0.0196078431372549		0.00731261425959781		0.0106524633821571
1		1094		8		8		0.0196078431372549		0.00731261425959781		0.0106524633821571
--------------------------------
ess_net_complex.txt---------------------------


Statistical Information:
OS		Pc		MPc		MKc			Sn							Sp							F
0.1		1523		551		199		0.725		0.361785948785292		0.482698204117389
0.2		1523		273		135		0.5		0.179251477347341		0.263895601739971
0.3		1523		157		97		0.335470085470085		0.103086014445174		0.157709693621296
0.4		1523		94		66		0.215596330275229		0.06172028890348		0.0959673302705462
0.5		1523		57		43		0.135071090047393		0.0374261326329613		0.0586118251928021
0.6		1523		37		31		0.0893719806763285		0.0242941562705187		0.0382034073309241
0.7		1523		9		9		0.0220588235294118		0.00590938936309915		0.00932159502848265
0.8		1523		6		7		0.0147420147420147		0.00393959290873276		0.00621761658031088
0.9		1523		3		3		0.00735294117647059		0.00196979645436638		0.00310719834282755
1		1523		3		3		0.00735294117647059		0.00196979645436638		0.00310719834282755
--------------------------------
noness_complex.txt---------------------------


Statistical Information:
OS		Pc		MPc		MKc			Sn							Sp							F
0.1		3729		887		238		0.839167455061495		0.2378653794583		0.370664437944003
0.2		3729		417		163		0.629909365558912		0.111826226870475		0.18993395581872
0.3		3729		192		115		0.395876288659794		0.0514883346741754		0.091124822021832
0.4		3729		124		89		0.279909706546275		0.0332528828104049		0.0594439117929051
0.5		3729		90		67		0.208816705336427		0.0241351568785197		0.0432692307692308
0.6		3729		56		50		0.135265700483092		0.0150174309466345		0.0270335505672218
0.7		3729		18		17		0.0440097799511002		0.00482703137570394		0.00869985500241663
0.8		3729		12		12		0.0294117647058824		0.00321802091713596		0.00580130529369108
0.9		3729		9		9		0.0220588235294118		0.00241351568785197		0.00435097897026831
1		3729		9		9		0.0220588235294118		0.00241351568785197		0.00435097897026831
--------------------------------
essnet_noness.txt---------------------------


Statistical Information:
OS		Pc		MPc		MKc			Sn							Sp							F
0.1		5252		1271		367		0.96875		0.242003046458492		0.387263863497867
0.2		5252		654		285		0.841698841698842		0.124523990860625		0.216951401559131
0.3		5252		339		210		0.631284916201117		0.0645468392993145		0.117118673346001
0.4		5252		215		155		0.459401709401709		0.0409367859862909		0.0751748251748252
0.5		5252		146		110		0.328828828828829		0.0277989337395278		0.0512640449438202
0.6		5252		93		81		0.221428571428571		0.0177075399847677		0.0327926657263752
0.7		5252		27		26		0.0660146699266504		0.00514089870525514		0.0095389507154213
0.8		5252		18		19		0.0442260442260442		0.00342726580350343		0.00636154797667432
0.9		5252		12		12		0.0294117647058824		0.00228484386900229		0.00424028268551237
1		5252		12		12		0.0294117647058824		0.00228484386900229		0.00424028268551237
--------------------------------
noness_net_complex.txt---------------------------


Statistical Information:
OS		Pc		MPc		MKc			Sn							Sp							F
0.1		4276		1050		297		0.904392764857881		0.24555659494855		0.386242413095457
0.2		4276		443		194		0.67427701674277		0.103601496725912		0.179606730184472
0.3		4276		228		146		0.46530612244898		0.0533208606173994		0.0956777171632396
0.4		4276		141		103		0.316143497757848		0.0329747427502339		0.059720457433291
0.5		4276		97		72		0.224018475750577		0.0226847521047708		0.0411977065194309
0.6		4276		55		47		0.132211538461538		0.0128624883068288		0.0234441602728048
0.7		4276		18		17		0.0440097799511002		0.00420954162768943		0.00768409818569904
0.8		4276		12		12		0.0294117647058824		0.00280636108512629		0.00512382578992314
0.9		4276		9		9		0.0220588235294118		0.00210477081384471		0.00384286934244236
1		4276		9		9		0.0220588235294118		0.00210477081384471		0.00384286934244236
--------------------------------
initialComplexes_Fitness.txt---------------------------


Statistical Information:
OS		Pc		MPc		MKc			Sn							Sp							F
0.1		1079		532		173		0.69361147327249		0.493049119555144		0.576381365113759
0.2		1079		302		122		0.513605442176871		0.279888785912882		0.362327534493101
0.3		1079		184		93		0.3687374749499		0.170528266913809		0.233206590621039
0.4		1079		112		71		0.249443207126949		0.103799814643188		0.146596858638743
0.5		1079		72		47		0.166281755196305		0.0667284522706209		0.0952380952380952
0.6		1079		48		38		0.114832535885167		0.0444856348470806		0.064128256513026
0.7		1079		23		20		0.0559610705596107		0.0213160333642261		0.0308724832214765
0.8		1079		13		13		0.0318627450980392		0.0120481927710843		0.0174848688634835
0.9		1079		8		8		0.0196078431372549		0.00741427247451344		0.0107599193006052
1		1079		8		8		0.0196078431372549		0.00741427247451344		0.0107599193006052
--------------------------------
