initialComplexes_Fitness.txt---------------------------
modularity thresholdL: 0.04

Statistical Information:
OS		Pc		MPc		MKc			Sn							Sp							F
0.1		855		526		190		0.706989247311828		0.615204678362573		0.65791119449656
0.2		855		386		141		0.591117917304747		0.451461988304094		0.511936339522546
0.3		855		267		81		0.44949494949495		0.312280701754386		0.368530020703934
0.4		855		202		62		0.368613138686131		0.23625730994152		0.287954383464006
0.5		855		141		44		0.279207920792079		0.164912280701754		0.207352941176471
0.6		855		81		31		0.176855895196507		0.0947368421052632		0.123381568926123
0.7		855		42		21		0.0979020979020979		0.0491228070175439		0.0654205607476635
0.8		855		14		9		0.0338983050847458		0.016374269005848		0.0220820189274448
0.9		855		5		5		0.0122549019607843		0.00584795321637427		0.00791765637371338
1		855		4		4		0.00980392156862745		0.00467836257309942		0.0063341250989707
--------------------------------
initialComplexes_Fitness.txt---------------------------
0.05


Statistical Information:
OS		Pc		MPc		MKc			Sn							Sp							F
0.1		819		501		185		0.691988950276243		0.611721611721612		0.649384316267012
0.2		819		367		135		0.5734375		0.448107448107448		0.503084304318026
0.3		819		254		77		0.434188034188034		0.31013431013431		0.361823361823362
0.4		819		196		61		0.360957642725599		0.239316239316239		0.287812041116006
0.5		819		133		44		0.267605633802817		0.162393162393162		0.202127659574468
0.6		819		76		31		0.167770419426049		0.0927960927960928		0.119496855345912
0.7		819		41		21		0.0957943925233645		0.0500610500610501		0.0657578187650361
0.8		819		13		9		0.0315533980582524		0.0158730158730159		0.0211210398050366
0.9		819		5		5		0.0122549019607843		0.00610500610500611		0.00814995925020375
1		819		4		4		0.00980392156862745		0.00488400488400488		0.006519967400163
--------------------------------
initialComplexes_Fitness.txt---------------------------
0.06

Statistical Information:
OS		Pc		MPc		MKc			Sn							Sp							F
0.1		775		482		183		0.681753889674682		0.621935483870968		0.650472334682861
0.2		775		356		137		0.567783094098884		0.459354838709677		0.507845934379458
0.3		775		252		87		0.43979057591623		0.325161290322581		0.373887240356083
0.4		775		197		65		0.364814814814815		0.254193548387097		0.299619771863118
0.5		775		138		44		0.274900398406374		0.178064516129032		0.216131558339859
0.6		775		80		34		0.176211453744493		0.103225806451613		0.130187144019528
0.7		775		43		23		0.100467289719626		0.0554838709677419		0.0714879467996675
0.8		775		15		11		0.0364077669902913		0.0193548387096774		0.025273799494524
0.9		775		6		6		0.0147058823529412		0.00774193548387097		0.0101437024513948
1		775		5		5		0.0122549019607843		0.00645161290322581		0.0084530853761623
--------------------------------
initialComplexes_Fitness.txt---------------------------
0.07

Statistical Information:
OS		Pc		MPc		MKc			Sn							Sp							F
0.1		748		462		181		0.670537010159652		0.617647058823529		0.643006263048017
0.2		748		342		137		0.557911908646003		0.457219251336898		0.502571638501102
0.3		748		243		88		0.431616341030195		0.324866310160428		0.37070938215103
0.4		748		187		66		0.353497164461248		0.25		0.292873923257635
0.5		748		133		47		0.269230769230769		0.177807486631016		0.214170692431562
0.6		748		72		36		0.162162162162162		0.0962566844919786		0.120805369127517
0.7		748		36		21		0.0851063829787234		0.0481283422459893		0.0614859094790777
0.8		748		15		12		0.0364963503649635		0.0200534759358289		0.0258843830888697
0.9		748		6		6		0.0147058823529412		0.00802139037433155		0.0103806228373702
1		748		5		5		0.0122549019607843		0.00668449197860963		0.00865051903114187
--------------------------------
initialComplexes_Fitness.txt---------------------------
0.08

Statistical Information:
OS		Pc		MPc		MKc			Sn							Sp							F
0.1		295		214		129		0.434077079107505		0.725423728813559		0.543147208121827
0.2		295		166		99		0.349473684210526		0.56271186440678		0.431168831168831
0.3		295		125		69		0.269396551724138		0.423728813559322		0.329380764163373
0.4		295		96		51		0.211920529801325		0.325423728813559		0.25668449197861
0.5		295		67		40		0.154022988505747		0.227118644067797		0.183561643835616
0.6		295		44		31		0.104513064133017		0.149152542372881		0.122905027932961
0.7		295		26		19		0.0626506024096386		0.088135593220339		0.0732394366197183
0.8		295		13		9		0.0315533980582524		0.0440677966101695		0.0367751060820368
0.9		295		5		5		0.0122549019607843		0.0169491525423729		0.0142247510668563
1		295		4		4		0.00980392156862745		0.0135593220338983		0.0113798008534851
--------------------------------

initialComplexes_Fitness.txt---------------------------
0.07

Statistical Information:
OS		Pc		MPc		MKc			Sn							Sp							F
0.1		329		235		140		0.467196819085487		0.714285714285714		0.564903846153846
0.2		329		186		107		0.381930184804928		0.565349544072948		0.455882352941177
0.3		329		136		74		0.28936170212766		0.413373860182371		0.340425531914894
0.4		329		104		54		0.22707423580786		0.316109422492401		0.264294790343075
0.5		329		72		41		0.164009111617312		0.218844984802432		0.1875
0.6		329		45		31		0.106635071090047		0.13677811550152		0.119840213049268
0.7		329		24		18		0.0579710144927536		0.0729483282674772		0.0646029609690444
0.8		329		10		8		0.024390243902439		0.0303951367781155		0.027063599458728
0.9		329		5		5		0.0122549019607843		0.0151975683890578		0.0135685210312076
1		329		4		4		0.00980392156862745		0.0121580547112462		0.0108548168249661
--------------------------------
initialComplexes_Fitness.txt---------------------------


Statistical Information:
OS		Pc		MPc		MKc			Sn							Sp							F
0.1		1319		674		227		0.788304093567252		0.510993176648976		0.620055197792088
0.2		1319		438		154		0.632947976878613		0.332069749810462		0.435604177026355
0.3		1319		288		93		0.477611940298507		0.218347232752085		0.299687825182102
0.4		1319		192		62		0.356877323420074		0.145564821834723		0.206785137318255
0.5		1319		120		44		0.247933884297521		0.090978013646702		0.133111480865225
0.6		1319		62		26		0.13963963963964		0.0470053070507961		0.0703346568349404
0.7		1319		22		14		0.0528846153846154		0.0166793025018954		0.0253602305475504
0.8		1319		5		5		0.0122549019607843		0.00379075056861259		0.00579038795599305
0.9		1319		2		2		0.00490196078431373		0.00151630022744503		0.00231615518239722
1		1319		2		2		0.00490196078431373		0.00151630022744503		0.00231615518239722
--------------------------------
std.txt---------------------------


Statistical Information:
OS		Pc		MPc		MKc			Sn							Sp							F
0.1		1922		848		232		0.828125		0.441207075962539		0.575695858791582
0.2		1922		620		171		0.723453908984831		0.32258064516129		0.446203670385031
0.3		1922		445		109		0.598118279569892		0.2315296566077		0.333833458364591
0.4		1922		331		78		0.500756429652042		0.172216441207076		0.256291134339915
0.5		1922		223		59		0.38986013986014		0.116024973985432		0.178829190056135
0.6		1922		128		36		0.256		0.0665972944849116		0.105697770437655
0.7		1922		59		26		0.133786848072562		0.0306971904266389		0.0499365213711384
0.8		1922		19		12		0.0457831325301205		0.00988553590010406		0.016260162601626
0.9		1922		7		6		0.0171149144254279		0.0036420395421436		0.00600600600600601
1		1922		6		5		0.0146699266503667		0.00312174817898023		0.00514800514800515
--------------------------------
